613
797
619
434
474
380
527
347
651
633
516
596
520
523
240
640
559
813
377
603
444
763
271
511
322
282
242
615
545
226
633
813
845
632
437
355
349
503
323
246
198
408
757
687
504
547
304
427
768
414
635
234
703
551
428
563
385
367
564
556
233
771
423
249
578
399
758
560
411
617
210
509
175
290
166
484
168
693
536
265
512
408
538
552
352
276
617
511
267
371
622
301
184
716
307
153
759
761
566
777
493
220
439
265
420
592
312
584
373
146
350
135
568
743
286
473
687
188
680
216
707
432
424
544
233
289
457
395
236
120
580
179
695
734
669
472
353
550
358
512
434
300
674
171
283
375
304
311
126
624
257
466
595
87
372
256
310
87
211
218
176
494
197
428
442
73
446
185
440
193
525
526
586
198
417
413
438
310
198
537
386
655
373
606
217
356
120
208
135
215
546
411
634
620
434
362
561
524
392
220
251
521
246
589
524
169
341
56
338
432
71
585
378
279
500
415
595
485
50
619
274
202
565
235
40
292
177
355
412
647
407
294
338
166
554
308
30
471
189
208
351
164
10
206
216
305
314
83
584
148
-11
495
587
152
68
574
192
473
227
122
153
541
584
558
592
74
432
276
242
36
190
315
114
434
90
345
196
448
-42
183
373
562
506
482
271
5
309
-7
576
278
33
481
270
571
150
564
104
432
569
479
89
427
403
331
348
151
423
137
108
225
217
443
504
480
319
249
271
254
361
-57
-49
36
462
123
12
-25
-57
336
535
264
411
544
155
-31
80
370
372
472
261
130
-43
180
503
333
204
132
19
428
405
104
-66
-104
383
462
290
43
-42
54
252
-102
377
7
-71
84
183
336
198
4
262
-40
332
228
276
481
291
209
-60
239
383
149
429
-81
-100
361
151
-39
179
136
85
97
-84
125
-59
111
222
-4
4
169
88
311
-40
148
-136
262
-68
-132
434
106
450
62
433
-165
-171
382
463
-153
98
98
289
-125
104
376
199
451
415
316
203
341
64
-172
98
377
-84
336
275
325
284
129
264
-52
334
-50
-142
-119
86
174
338
393
362
193
-17
-42
-55
-209
131
-117
143
200
40
95
274
-183
-50
276
293
190
-94
19
-105
-151
-157
-229
-154
58
353
387
162
-16
190
214
-141
368
-154
122
191
225
82
82
193
206
376
-54
22
272
-194
373
34
-257
317
205
153
286
373
294
42
243
85
254
184
260
-266
-201
102
-9
-154
331
-179
-26
-37
-280
92
274
-66
-56
22
28
-103
80
237
-74
181
-105
49
128
81
185
147
22
-32
306
-145
-34
269
228
-161
251
320
-221
-141
234
143
-97
-143
86
-105
-154
-147
-140
-124
-302
-41
-267
112
-309
110
-150
129
-237
-326
72
251
-94
-263
141
-61
295
-64
236
2
124
172
213
-265
186
207
-90
107
-124
135
251
-225
-16
166
-348
269
-193
-303
-254
-182
-109
36
-57
-86
104
-126
-281
66
12
263
-213
186
-121
98
-54
137
10
249
-46
-249
-42
167
-86
177
9
119
104
228
-52
183
-290
-310
182
-167
79
120
165
-140
-186
18
-77
82
-124
48
-58
91
-351
-330
-396
191
-405
-193
-344
-223
-194
19
216
164
76
-406
-60
-276
-136
-65
-127
195
-118
-327
-72
-297
-31
-187
-297
-429
133
-183
117
-368
-281
9
126
-198
-320
13
173
-408
108
-200
-22
-366
82
-119
-270
-293
-299
-313
-27
3
-130
-71
-294
-51
-107
-219
-55
-111
-13
-98
-436
-260
133
56
160
-197
-396
-385
-22
-451
-194
-438
-81
-405
59
-136
113
-408
-184
-45
-387
-487
-117
-312
32
-47
-196
-207
45
-486
79
-252
-99
-85
-270
-23
-397
-215
-436
-275
85
-441
-299
-109
90
-17
77
-67
-49
79
-310
-397
-164
20
-72
-472
-472
-78
-305
-21
-441
-394
-438
-271
-476
-33
-147
-135
-352
-365
-487
-28
-376
-23
-382
-534
-469
-510
-264
-536
57
-537
-118
-490
-504
-382
-447
-295
-147
-346
-147
-380
40
-362
45
-101
-360
-240
-144
-161
1
-516
-532
-180
-203
-427
-458
-283
-421
-493
-47
-579
-386
-210
-62
-510
-120
-450
-272
-353
0
-592
-340
-132
-313
-454
-250
-142
-384
-310
-44
-320
-340
-531
-290
-58
-472
-65
-82
-453
-167
20
-579
19
-552
-557
-411
-27
-365
-208
-491
16
-480
-325
-497
-570
-563
-548
-505
-396
-122
-145
-324
-313
-292
-217
-581
-464
-403
-504
-431
-533
-469
-280
-501
-57
-55
-204
-570
-14
-270
-464
-85
-490
-121
-272
-447
-427
-20
-27
-95
-538
-146
-232
-496
-310
-101
-343
-437
-247
-52
-145
-245
-587
-591
-235
-439
-249
-560
-348
-332
-667
-215
-252
-593
-104
-372
-628
-686
-230
-555
-540
-630
-419
-391
-156
-590
-353
-215
-544
-168
-241
-491
-409
-541
-568
-68
-163
-401
-331
-339
-668
-417
-501
-91
-508
-204
-217
-368
-151
-719
-486
-310
-656
-520
-418
-258
-680
-390
-275
-585
-384
-293
-728
-453
-267
-225
-632
-259
-740
-303
-251
-613
-193
-526
-350
-570
-404
-534
-323
-477
-714
-178
-317
-507
-709
-630
-364
-616
-213
-211
-706
-466
-359
-394
-583
-611
-279
-678
-352
-377
-498
-272
-491
-514
-164
-203
-328
-426
-483
-549
-349
-420
-785
-348
-700
-497
-606
-453
-710
-505
-533
-335
-681
-587
-592
-314
-765
-188
-758
-496
-346
-503
-698
-564
-425
-732
-319
-725
-660
-316
-488
-534
-754
-734
-481
-436
-648
-306
-440
-277
-464
-476
-506
-559
-193
-397
-380
-290
-220
-258
-197
-344
-313
-578
-492
-302
-644
-594
-654
-372
-563
-791
-435
-227
-802
-606
-720
-658
-811
-551
-325
-616
-810
-291
-637
-538
-678
-653
-632
-626
-460
-792
-410
-299
-348
-676
-626
-561
-431
-328
-478
-818
-347
-852
-827
-437
-549
-825
-301
-245
-655
-268
-318
-556
-887
-808
-276
-534
-764
-712
-735
-768
-544
-782
-269
-583
-273
-877
-489
-475
-629
-420
-412
-272
-884
-440
-798
-747
-392
-677
-386
-645
-870
-375
-294
-644
-551
-462
-719
-599
-687
-473
-479
-402
-482
-497
-327
-764
-405
-568
-886
-720
-330
-790
-930
-933
-785
-522
-747
-397
-367
-360
-529
-483
-603
-778
-456
-485
-708
-650
-563
-425
-817
-897
-604
-915
-925
-361
-950
-895
-470
-692
-950
-723
-580
-562
-893
-589
-433
-598
-684
-627
-540
-423
-511
-558
-618
-877
-419
-781
-512
-565
-578
-345
-350
-869
-674
-938
-695
-929
-501
-989
-832
-599
-564
-792
-662
-433
-883
-671
-572
-886
-701
-445
-390
-722
-915
-746
-392
-951
-689
-420
-959
-812
-864
-730
-964
-544
-702
-883
-807
-756
-619
-397
-762
-673
-737
-814
-483
-864
-512
-858
-618
-754
-502
-567
-757
-817
-576
-618
-1009
-859
-931
-652
-454
-748
-572
-521
-938
-452
-675
-1016
-496
-511
-981
-936
-485
-462
-425
-803
-985
-448
-430
-616
-525
-958
-923
-875
-771
-1007
-780
-592
-967
-557
-534
-881
-510
-443
-1046
-840
-791
-1068
-452
-714
-1031
-913
-942
-909
-900
-810
-734
-559
-988
-510
-1061
-649
-1067
-831
-579
-984
-1023
-609
-762
-730
-1068
-552
-763
-473
-685
-873
-598
-921
-1055
-884
-875
-1063
-1032
-1072
-677
-968
-668
-623
-664
-483
-867
-866
-679
-937
-1068
-979
-537
-651
-773
-536
-805
-913
-706
-1030
-960
-1019
-574
-662
-934
-1017
-833
-1022
-1073
-1124
-1034
-1032
-717
-853
-850
-1077
-955
-891
-863
-718
-758
-1113
-572
-1147
-1079
-996
-667
-1013
-780
-740
-1115
-548
-588
-644
-742
-1066
-744
-949
-674
-849
-563
-1118
-902
-847
-778
-875
-611
-823
-691
-657
-916
-745
-1166
-768
-1188
-913
-844
-713
-1109
-988
-1087
-1120
-933
-1088
-762
-1063
-1139
-911
-996
-797
-672
-672
-705
-915
-778
-979
-862
-832
-912
-1065
-663
-918
-1015
-1032
-1039
-636
-820
-1177
-1067
-775
-661
-1185
-692
-1042
-996
-925
-1148
-1184
-808
-1006
-839
-890
-718
-965
-910
-868
-929
-737
-1089
-923
-1212
-670
-623
-985
-916
-1138
-1038
-1170
-741
-829
-950
-943
-728
-1135
-902
-746
-987
-685
-1155
-869
-1035
-739
-1035
-976
-1239
-1276
-908
-635
-1102
-1201
-1116
-905
-1261
-642
-1170
-1273
-863
-1249
-798
-1254
-944
-1047
-1253
-890
-1061
-1032
-811
-1261
-1147
-725
-1224
-962
-1131
-943
-942
-833
-680
-742
-750
-921
-802
-1284
-686
-750
-982
-1055
-754
-848
-911
-894
-833
-951
-907
-809
-929
-1325
-915
-997
-1011
-1084
-776
-1253
-1229
-981
-915
-1031
-1286
-932
-780
-894
-1042
-967
-970
-960
-1165
-1256
-998
-768
-957
-1043
-1000
-910
-870
-912
-1262
-1280
-745
-1204
-1096
-1021
-954
-1172
-949
-732
-1125
-1314
-1314
-1366
-942
-1313
-978
-787
-1194
-1320
-1014
-1121
-876
-1039
-1128
-782
-1223
-1241
-1063
-1341
-1232
-1338
-1197
-908
-1117
-1334
-964
-955
-1297
-1221
-758
-1138
-807
-950
-1262
-759
-1299
-1281
-859
-1334
-1201
-1288
-904
-1376
-1157
-1179
-879
-1253
-1193
-994
-801
-880
-901
-1237
-1316
-912
-1059
-861
-1353
-1117
-1297
-820
-1420
-1126
-1073
-1120
-1127
-1024
-1299
-829
-1191
-990
-1388
-1158
-1369
-1432
-1408
-1135
-1371
-823
-1405
-861
-1096
-1320
-811
-936
-1211
-901
-1362
-854
-887
-1395
-943
-1167
-933
-871
-994
-1434
-1029
-1248
-999
-1180
-1133
-1031
-1380
-947
-867
-1456
-1466
-1139
-1159
-1196
-890
-858
-878
-1363
-1310
-933
-1368
-954
-1080
-1319
-926
-862
-1041
-1183
-1220
-1333
-1230
-1147
-1425
-1032
-1102
-882
-1326
-1353
-1424
-1286
-1337
-1475
-1492
-1412
-1315
-1214
-1353
-1385
-1078
-1324
-1296
-892
-1023
-949
-1352
-1095
-1045
-965
-1172
-1222
-1398
-1507
-1245
-1336
-885
-935
-913
-1229
-1385
-1486
-1026
-1464
-1124
-1369
-1397
-925
-1064
-1053
-1273
-1079
-1139
-1358
-1301
-1047
-1234
-1028
-1150
-1073
-1081
-1006
-1088
-1068
-1098
-1149
-1239
-1329
-1011
-1379
-1119
-1036
-925
-1219
-1253
-1043
-1216
-1119
-1094
-1544
-1521
-1017
-1428
-1213
-1257
-1323
-1082
-1545
-1084
-1527
-1157
-1472
-1453
-1112
-1476
-970
-1232
-1340
-1283
-1166
-1260
-1509
-976
-1311
-990
-1131
-1181
-1423
-1290
-1229
-1169
-1477
-1288
-1257
-1290
-1509
-1166
-1027
-1474
-1042
-1445
-1381
-1578
-1614
-1194
-1243
-977
-1203
-1188
-1610
-1324
-1577
-1178
-1074
-1607
-1208
-1038
-1385
-1613
-1501
-1070
-1183
-1070
-1499
-1549
-1267
-1578
-1078
-1522
-1434
-1086
-1398
-1520
-1290
-1616
-1182
-1442
-1197
-1633
-1136
-1033
-1140
-1080
-1151
-1206
-1382
-1071
-1605
-1256
-1366
-1218
-1154
-1221
-1469
-1426
-1170
-1299
-1537
-1517
-1493
-1284
-1560
-1557
-1573
-1272
-1486
-1553
-1243
-1432
-1522
-1263
-1526
-1675
-1353
-1348
-1443
-1560
-1222
-1542
-1648
-1387
-1475
-1272
-1095
-1286
-1210
-1448
-1647
-1597
-1204
-1293
-1356
-1333
-1347
-1106
-1595
-1092
-1405
-1680
-1200
-1485
-1537
-1596
-1583
-1540
-1111
-1664
-1620
-1699
-1418
-1557
-1171
-1348
-1415
-1308
-1144
-1496
-1389
-1460
-1368
-1312
-1689
-1156
-1456
-1521
-1490
-1251
-1544
-1234
-1701
-1144
-1419
-1437
-1498
-1528
-1725
-1220
-1599
-1696
-1729
-1745
-1237
-1488
-1656
-1684
-1482
-1382
-1121
-1308
-1363
-1188
-1652
-1340
-1726
-1185
-1698
-1320
-1593
-1408
-1487
-1758
-1690
-1412
-1459
-1630
-1170
-1586
-1518
-1625
-1535
-1156
-1737
-1742
-1496
-1425
-1403
-1272
-1777
-1707
-1636
-1196
-1260
-1213
-1527
-1511
-1414
-1206
-1254
-1772
-1509
-1428
-1488
-1646
-1202
-1583
-1774
-1225
-1784
-1437
-1261
-1463
-1341
-1411
-1188
-1423
-1652
-1199
-1322
-1411
-1772
-1383
-1733
-1573
-1661
-1251
-1527
-1519
-1240
-1245
-1521
-1806
-1739
-1792
-1831
-1305
-1514
-1737
-1227
-1422
-1663
-1487
-1282
-1584
-1260
-1360
-1693
-1625
-1302
-1362
-1627
-1821
-1411
-1823
-1649
-1259
-1261
-1846
-1565
-1330
-1732
-1646
-1502
-1483
-1231
-1482
-1640
-1278
-1843
-1811
-1245
-1455
-1340
-1757
-1687
-1728
-1684
-1781
-1670
-1817
-1671
-1725
-1688
-1667
-1772
-1394
-1634
-1668
-1331
-1611
-1829
-1639
-1360
-1314
-1454
-1732
-1336
-1616
-1542
-1500
-1818
-1691
-1646
-1898
-1381
-1577
-1683
-1502
-1300
-1645
-1480
-1466
-1551
-1466
-1286
-1833
-1507
-1881
-1293
-1696
-1512
-1495
-1774
-1466
-1377
-1507
-1926
-1813
-1487
-1464
-1383
-1376
-1876
-1365
-1690
-1906
-1604
-1835
-1842
-1855
-1497
-1696
-1732
-1770
-1713
-1575
-1927
-1871
-1859
-1944
-1767
-1682
-1643
-1834
-1583
-1434
-1639
-1720
-1764
-1462
-1459
-1865
-1705
-1488
-1487
-1566
-1851
-1926
-1509
-1696
-1641
-1397
-1719
-1848
-1584
-1830
-1549
-1410
-1465
-1531
-1965
-1948
-1721
-1825
-1608
-1381
-1900
-1635
-1763
-1664
-1657
-1532
-1857
-1461
-1931
-1905
-1550
-1585
-1465
-1466
-1876
-1763
-1547
-1372
-1897
-1697
-1670
-1880
-1931
-1544
-1667
-1632
-1652
-1658
-1818
-1914
-1618
-1535
-1408
-1808
-1540
-1907
-1614
-1532
-1411
-1504
-1760
-1439
-1583
-1533
-1699
-1762
-1465
-1964
-1772
-1819
-1856
-1556
-1779
-1666
-1747
-1502
-1514
-1980
-2009
-1961
-1758
-1946
-1526
-1646
-1513
-1939
-1612
-1638
-1891
-2030
-1666
-2045
-1910
-1468
-1803
-1964
-1467
-1888
-2002
-1885
-1606
-1767
-1496
-1669
-1638
-1648
-2051
-1880
-1589
-1990
-2048
-1538
-1905
-1636
-1985
-1832
-1976
-1481
-1970
-1639
-1490
-1865
-1503
-1741
-1778
-1543
-1493
-1830
-1864
-1464
-1640
-1660
-1956
-2062
-1537
-1736
-1496
-1877
-1778
-1784
-2101
-1904
-1968
-1684
-1654
-1842
-1809
-1478
-1816
-1479
-1728
-1903
-2010
-1553
-1985
-1757
-1647
-1573
-1849
-2010
-1867
-1793
-1732
-2012
-2034
-1966
-2028
-1654
-2027
-1494
-2058
-1799
-1708
-1606
-1953
-1940
-1782
-1845
-2004
-2001
-1603
-2058
-1695
-1965
-1622
-1727
-1887
-1574
-1516
-1879
-1760
-2140
-1880
-1549
-2003
-2070
-2094
-1970
-1541
-1738
-1607
-1947
-2145
-1581
-1985
-2132
-2100
-1987
-1775
-2149
-1876
-2177
-1868
-1813
-2115
-1615
-1594
-1663
-2113
-1639
-1723
-1573
-1682
-1909
-1983
-1622
-2188
-2050
-2115
-1968
-1705
-1907
-2010
-2182
-1677
-1857
-1746
-2054
-1893
-2103
-1730
-1720
-1985
-1934
-1838
-2131
-1577
-1581
-1735
-1895
-2155
-1803
-2102
-1797
-1666
-1661
-2206
-1636
-1695
-1584
-1677
-2112
-1941
-2141
-1626
-1829
-1611
-1851
-1647
-1963
-1790
-2202
-1827
-2088
-1605
-1678
-2197
-1927
-2234
-2240
-1802
-1949
-1989
-2193
-1911
-2224
-2046
-1879
-2174
-1802
-2050
-1978
-2134
-1721
-1847
-2148
-1799
-1742
-2230
-2134
-1732
-1972
-1943
-2100
-2262
-1827
-1717
-2086
-2005
-2237
-2147
-1666
-1917
-1922
-2141
-2197
-2018
-2104
-2067
-1765
-1801
-1758
-2094
-1789
-1744
-1677
-1801
-2146
-1931
-2257
-1797
-2274
-2080
-1895
-2095
-2226
-2236
-1965
-2118
-2179
-1901
-1864
-1696
-2017
-1841
-2206
-2067
-1969
-1983
-2267
-2252
-2123
-1749
-2061
-2106
-1805
-2291
-1990
-1752
-2085
-1772
-2067
-1882
-1920
-2060
-2277
-1942
-1833
-2138
-2020
-2178
-1986
-2001
-2032
-2162
-1849
-2058
-2071
-2277
-1764
-1794
-2016
-2239
-2134
-1758
-1737
-2300
-2085
-1718
-2143
-2339
-1819
-2198
-2023
-2170
-2248
-1808
-1856
-1898
-2115
-1826
-2193
-1987
-2143
-2194
-1958
-2032
-2255
-2271
-1810
-1962
-2255
-2050
-2318
-2221
-2322
-2369
-1889
-1964
-2243
-2056
-1769
-2262
-2128
-2346
-2257
-2068
-1793
-2040
-2337
-2385
-2211
-2279
-2048
-2072
-2015
-2205
-2123
-1947
-1908
-2233
-1795
-2009
-2141
-1948
-2021
-2084
-1933
-2057
-2240
-1996
-2241
-1914
-2139
-2301
-1797
-1860
-2147
-2250
-2307
-2082
-2022
-2097
-2312
-2279
-1941
-2191
-2154
-1875
-2037
-1912
-1955
-2198
-2213
-2116
-1837
-2169
-2139
-2066
-1841
-2383
-2148
-1925
-2424
-2018
-1848
-2273
-1927
-2039
-2416
-2439
-2308
-2081
-1852
-1998
-1833
-2162
-2164
-2456
-2346
-2444
-2061
-2046
-2068
-2449
-2195
-2043
-2037
-2153
-2068
-2463
-1969
-2026
-2087
-2420
-2419
-1962
-2337
-1926
-2400
-2165
-2278
-2204
-2088
-1962
-2021
-1874
-2475
-1877
-2381
-2408
-1931
-2377
-1973
-2281
-2471
-1925
-2465
-2398
-2302
-2006
-2143
-1982
-2132
-1869
-2203
-2442
-2239
-2174
-2466
-2239
-1916
-2466
-2357
-2069
-2225
-2221
-2430
-2362
-1954
-2002
-2525
-2033
-2017
-2276
-1902
-2221
-2130
-2085
-2294
-2305
-2460
-2270
-2112
-1945
-2152
-2348
-2373
-2133
-2195
-2077
-2092
-1947
-2462
-2293
-2435
-2269
-2490
-2482
-2141
-2068
-2216
-2497
-2007
-2137
-2358
-2185
-2310
-2217
-2379
-2410
-2179
-2042
-2065
-2028
-2469
-2049
-2569
-2400
-2520
-1963
-2384
-2351
-2432
-2243
-2372
-2126
-2397
-2355
-2485
-2023
-1949
-2322
-2227
-2174
-2483
-2171
-2436
-1951
-2581
-2340
-2519
-2079
-2581
-2500
-2399
-2315
-2534
-2417
-2337
-2121
-2539
-2528
-2236
-2076
-2491
-2324
-2520
-2406
-2287
-2204
-2086
-2497
-2209
-2175
-2391
-2558
-2564
-2216
-2561
-2157
-2545
-2459
-2119
-2499
-2426
-2477
-2520
-2278
-2557
-2541
-2397
-2001
-2518
-2476
-2267
-2236
-2169
-2518
-2330
-2199
-2022
-2515
-2415
-2198
-2450
-2609
-2598
-2082
-2445
-2541
-2247
-2027
-2631
-2445
-2560
-2557
-2320
-2413
-2417
-2636
-2094
-2044
-2485
-2633
-2190
-2666
-2123
-2301
-2536
-2523
-2076
-2581
-2643
-2135
-2655
-2525
-2214
-2505
-2240
-2427
-2245
-2210
-2411
-2135
-2193
-2097
-2208
-2494
-2566
-2429
-2513
-2390
-2167
-2461
-2472
-2406
-2112
-2444
-2137
-2625
-2140
-2598
-2226
-2654
-2595
-2110
-2655
-2425
-2282
-2490
-2683
-2200
-2156
-2317
-2641
-2681
-2365
-2420
-2675
-2576
-2343
-2293
-2194
-2531
-2376
-2558
-2438
-2479
-2205
-2718
-2427
-2735
-2699
-2646
-2303
-2358
-2559
-2299
-2248
-2462
-2174
-2597
-2502
-2269
-2530
-2221
-2515
-2178
-2582
-2686
-2692
-2752
-2172
-2441
-2234
-2725
-2518
-2604
-2276
-2753
-2734
-2199
-2714
-2384
-2177
-2205
-2501
-2537
-2423
-2751
-2318
-2596
-2600
-2254
-2433
-2421
-2596
-2349
-2377
-2673
-2475
-2601
-2162
-2510
-2246
-2414
-2353
-2765
-2569
-2690
-2722
-2322
-2693
-2539
-2435
-2287
-2286
-2377
-2652
-2685
-2524
-2386
-2801
-2774
-2191
-2715
-2376
-2237
-2337
-2370
-2257
-2662
-2559
-2780
-2180
-2464
-2192
-2468
-2192
-2693
-2461
-2677
-2377
-2483
-2292
-2320
-2271
-2595
-2775
-2491
-2397
-2685
-2422
-2415
-2516
-2469
-2322
-2539
-2448
-2366
-2723
-2586
-2639
-2207
-2449
-2243
-2317
-2835
-2785
-2283
-2643
-2478
-2369
-2229
-2734
-2306
-2617
-2412
-2226
-2368
-2814
-2332
-2333
-2432
-2466
-2753
-2868
-2477
-2819
-2739
-2875
-2384
-2755
-2754
-2527
-2298
-2710
-2341
-2640
-2752
-2742
-2702
-2355
-2364
-2692
-2375
-2393
-2568
-2338
-2311
-2807
-2376
-2667
-2784
-2745
-2814
-2696
-2568
-2512
-2512
-2475
-2373
-2395
-2851
-2403
-2595
-2789
-2561
-2743
-2675
-2770
-2841
-2739
-2913
-2462
-2624
-2287
-2571
-2653
-2736
-2430
-2367
-2305
-2805
-2353
-2801
-2770
-2702
-2703
-2577
-2454
-2335
-2391
-2342
-2831
-2653
-2864
-2376
-2571
-2436
-2932
-2947
-2789
-2780
-2687
-2922
-2445
-2851
-2355
-2719
-2560
-2378
-2536
-2927
-2678
-2884
-2365
-2545
-2325
-2524
-2701
-2634
-2935
-2638
-2457
-2835
-2336
-2461
-2656
-2585
-2453
-2803
-2622
-2595
-2372
-2661
-2900
-2800
-2382
-2707
-2345
-2691
-2863
-2580
-2682
-2843
-2913
-2658
-2801
-2886
-2369
-2754
-2418
-2946
-2891
-2790
-2465
-2643
-2981
-2730
-2447
-2883
-2462
-2490
-2584
-2875
-2894
-2510
-2467
-2972
-2847
-2576
-2511
-2386
-2381
-2399
-2864
-3003
-2604
-2573
-2637
-2931
-2733
-2459
-2557
-2776
-2609
-2439
-2972
-2897
-2467
-2728
-2570
-2954
-2788
-3011
-2778
-2407
-2667
-2473
-2627
-3001
-2922
-2422
-2865
-2478
-2640
-2804
-2730
-2876
-3051
-2467
-2441
-2632
-2467
-2453
-2663
-2439
-2486
-2610
-2763
-3056
-3029
-2494
-3054
-2738
-2829
-2742
-2801
-2527
-2844
-2963
-2759
-2452
-2692
-2932
-2841
-2617
-2561
-2903
-2935
-2726
-3030
-2550
-2960
-2528
-3058
-2621
-3004
-2988
-2482
-2933
-2788
-3024
-2963
-2811
-2696
-2770
-2580
-3048
-2872
-2715
-2904
-2740
-2843
-2780
-2516
-2760
-2978
-2698
-2783
-3044
-3023
-2745
-3042
-2649
-2985
-2725
-2705
-2734
-2624
-3025
-2966
-3038
-3126
-2943
-2985
-2916
-2813
-2770
-2827
-3082
-2594
-2994
-2644
-2728
-3019
-2789
-3135
-2926
-3074
-2888
-2542
-2878
-2920
-3070
-2724
-3061
-2977
-2844
-2926
-2964
-2831
-3106
-2752
-2818
-3126
-2968
-2621
-2878
-2635
-3044
-2617
-2603
-2900
-2692
-2982
-2934
-3053
-2537
-3040
-2804
-2583
-3158
-2773
-2568
-2798
-2572
-2700
-2952
-3034
-3007
-2694
-2980
-3188
-2645
-2782
-2713
-3027
-2936
-2662
-2655
-2772
-2969
-3128
-2601
-3162
-2969
-2920
-2797
-3098
-2583
-3150
-3120
-2590
-2634
-3208
-2799
-3192
-2949
-2874
-2832
-3167
-2589
-2885
-3008
-2987
-2788
-3131
-2727
-2738
-3042
-3104
-2672
-2859
-3068
-2779
-2698
-3005
-2790
-3237
-2828
-3085
-2971
-2624
-2756
-2615
-3063
-2708
-2791
-3023
-2662
-3032
-3112
-2612
-3038
-2770
-2794
-2638
-2738
-2632
-2989
-2939
-2767
-3082
-2973
-2862
-2827
-2649
-2742
-3187
-2692
-3018
-3223
-3205
-2869
-2988
-3015
-2806
-3241
-3070
-2955
-3072
-3101
-2883
-3277
-3059
-3272
-2781
-2972
-2936
-2856
-2787
-2977
-2967
-2961
-2993
-2900
-2984
-2690
-2664
-2862
-3128
-3001
-3293
-2756
-3088
-2705
-3223
-3018
-3029
-2996
-3249
-2805
-3281
-2813
-2916
-3158
-3048
-3176
-3231
-3228
-2782
-2885
-2894
-3278
-3045
-3074
-2767
-3115
-3236
-3234
-3164
-3019
-2812
-3048
-3011
-3260
-2741
-2984
-2728
-2921
-2853
-3267
-2771
-2922
-3187
-2985
-3257
-3019
-3264
-3194
-2955
-3188
-2937
-2841
-2984
-2778
-3174
-3083
-3043
-2818
-3137
-2753
-2949
-2877
-3236
-3195
-3083
-3179
-3066
-2814
-3299
-3156
-3311
-3233
-3238
-3310
-3351
-2823
-3076
-3029
-3289
-2943
-3264
-2940
-3346
-2915
-2960
-3107
-3150
-3050
-3387
-2933
-2909
-2870
-3238
-3081
-3282
-3195
-3185
-3369
-3123
-2867
-2819
-3300
-3178
-2975
-2858
-2848
-3264
-3231
-2955
-3161
-3227
-2829
-3152
-2848
-3107
-3286
-2947
-3403
-3355
-2865
-3121
-3045
-3044
-3177
-2930
-2947
-3204
-3003
-3326
-2991
-3266
-2944
-3048
-3269
-3216
-3224
-2914
-2839
-2967
-3086
-3308
-3048
-2824
-3166
-3096
-2936
-3405
-3367
-3180
-3365
-3348
-2847
-3386
-3449
-3131
-3024
-2964
-2897
-2836
-3264
-3349
-3399
-3275
-3354
-2965
-3216
-3145
-2993
-3124
-3138
-3469
-2869
-3005
-3243
-3277
-3376
-3431
-3147
-3141
-2962
-3343
-3313
-2843
-3380
-3004
-3121
-2872
-3187
-3017
-3367
-3117
-3210
-3173
-3476
-3332
-3379
-3015
-3188
-3421
-3135
-3151
-3311
-3448
-3073
-3194
-3175
-3224
-2983
-2881
-3059
-3300
-2987
-3044
-2932
-3313
-3208
-3292
-3209
-3314
-3386
-3403
-3405
-2975
-3490
-3299
-2920
-3161
-3073
-3203
-3149
-3372
-3493
-3112
-3056
-3198
-3361
-2941
-2971
-2964
-3219
-3048
-3450
-3143
-3339
-3459
-3384
-3155
-3462
-3463
-3185
-3376
-3127
-3350
-3257
-3145
-2959
-3476
-3338
-3283
-3199
-3469
-2947
-3075
-3077
-3350
-3307
-3197
-3331
-3547
-3198
-3386
-3269
-3056
-3305
-3316
-3187
-3165
-3159
-3055
-2993
-3173
-3232
-3183
-3497
-3416
-3533
-3252
-3566
-3027
-3533
-3299
-3434
-3171
-3257
-3205
-3580
-2994
-3462
-3542
-3103
-3293
-2960
-3341
-3276
-3340
-3088
-3556
-3472
-3333
-3041
-3422
-3100
-3245
-3116
-3587
-3143
-3248
-3178
-3539
-3420
-3614
-3491
-3342
-3490
-3223
-3221
-3107
-3384
-3587
-3009
-3384
-3613
-3544
-3203
-3166
-3150
-3369
-3375
-3159
-3621
-3005
-3330
-3498
-3577
-3291
-3465
-3428
-3281
-3389
-3508
-3208
-3306
-3645
-3023
-3167
-3381
-3255
-3381
-3147
-3252
-3022
-3478
-3102
-3251
-3196
-3330
-3510
-3417
-3263
-3595
-3584
-3611
-3354
-3436
-3083
-3069
-3084
-3059
-3403
-3452
-3587
-3348
-3201
-3053
-3256
-3190
-3264
-3106
-3615
-3144
-3469
-3184
-3491
-3564
-3620
-3354
-3629
-3321
-3385
-3359
-3499
-3208
-3457
-3287
-3107
-3564
-3674
-3284
-3518
-3590
-3395
-3492
-3362
-3254
-3652
-3124
-3104
-3263
-3374
-3339
-3436
-3161
-3496
-3256
-3512
-3567
-3094
-3367
-3548
-3534
-3690
-3474
-3252
-3730
-3424
-3264
-3230
-3539
-3438
-3609
-3288
-3597
-3449
-3589
-3247
-3168
-3468
-3453
-3534
-3517
-3741
-3418
-3117
-3294
-3313
-3362
-3203
-3401
-3613
-3213
-3704
-3734
-3318
-3515
-3592
-3406
-3223
-3751
-3270
-3151
-3641
-3380
-3473
-3505
-3707
-3416
-3576
-3769
-3598
-3293
-3222
-3199
-3551
-3218
-3225
-3287
-3680
-3644
-3221
-3550
-3276
-3239
-3365
-3617
-3529
-3660
-3638
-3178
-3544
-3693
-3172
-3517
-3713
-3260
-3249
-3248
-3284
-3613
-3684
-3652
-3565
-3688
-3319
-3389
-3310
-3656
-3427
-3421
-3492
-3801
-3624
-3818
-3811
-3691
-3347
-3668
-3763
-3345
-3460
-3288
-3653
-3351
-3609
-3548
-3457
-3700
-3597
-3418
-3237
-3421
-3220
-3804
-3568
-3653
-3284
-3526
-3547
-3364
-3304
-3588
-3593
-3464
-3368
-3379
-3237
-3439
-3564
-3600
-3377
-3780
-3271
-3474
-3352
-3242
-3434
-3449
-3565
-3686
-3729
-3586
-3416
-3490
-3562
-3537
-3485
-3526
-3273
-3475
-3762
-3374
-3532
-3328
-3514
-3883
-3851
-3296
-3814
-3570
-3280
-3717
-3748
-3759
-3392
-3423
-3630
-3487
-3438
-3545
-3306
-3899
-3601
-3789
-3614
-3752
-3692
-3544
-3758
-3348
-3471
-3351
-3868
-3710
-3536
-3662
-3736
-3566
-3843
-3810
-3303
-3723
-3755
-3816
-3887
-3367
-3554
-3373
-3522
-3685
-3362
-3778
-3505
-3876
-3622
-3399
-3520
-3483
-3818
-3906
-3460
-3351
-3638
-3340
-3919
-3673
-3552
-3668
-3622
-3660
-3309
-3501
-3508
-3519
-3612
-3471
-3613
-3521
-3398
-3643
-3899
-3741
-3470
-3810
-3645
-3499
-3568
-3891
-3403
-3715
-3515
-3431
-3820
-3660
-3437
-3552
-3925
-3410
-3648
-3863
-3501
-3792
-3870
-3525
-3518
-3780
-3968
-3864
-3660
-3440
-3450
-3943
-3474
-3979
-3943
-3863
-3472
-3742
-3538
-3531
-3795
-3617
-3709
-3839
-3795
-3413
-3723
-3519
-3793
-3770
-3613
-3795
-3486
-3730
-3504
-3553
-3452
-3714
-3715
-3401
-3457
-3593
-3681
-3749
-4009
-3835
-3992
-3810
-3424
-3445
-3632
-3507
-3433
-3591
-3745
-3744
-3477
-3492
-3923
-3776
-3439
-3756
-4032
-3941
-3955
-3418
-3545
-3707
-3603
-3586
-3668
-3987
-3527
-3913
-3858
-3849
-3897
-3670
-3923
-3972
-3531
-3639
-3981
-3786
-3576
-4017
-3828
-3464
-3545
-3526
-3685
-3467
-3474
-4057
-4055
-3815
-3832
-3483
-4075
-3673
-3436
-3838
-3678
-3552
-3967
-3882
-3860
-3886
-3594
-4000
-3515
-3668
-3949
-3760
-3538
-3991
-3972
-3835
-3627
-4012
-3965
-3998
-4049
-3786
-3651
-3574
-3618
-3590
-3778
-4074
-3860
-3900
-3539
-4008
-3646
-3967
-3510
-3483
-4030
-3511
-3680
-3524
-3931
-4054
-4027
-4106
-4013
-4106
-3682
-4018
-3770
-3663
-3661
-4032
-3588
-3568
-3548
-3879
-3636
-3782
-4018
-3541
-4111
-3680
-3662
-3977
-3779
-4039
-3696
-4025
-3925
-3907
-4151
-3970
-3967
-3618
-3921
-3538
-4087
-3858
-3771
-3671
-4159
-3576
-3550
-3923
-3767
-4135
-3675
-3808
-3625
-3590
-3726
-3883
-4059
-4046
-3921
-4135
-4129
-3973
-4073
-3686
-4077
-3801
-3974
-4100
-3888
-3831
-3928
-3676
-3996
-3870
-4140
-3911
-3818
-3890
-3965
-3584
-3850
-3890
-4198
-4017
-3599
-3667
-3674
-4158
-3749
-3958
-3977
-3810
-4100
-3655
-4096
-3902
-3761
-3990
-3843
-4097
-3708
-3910
-3721
-4157
-3919
-3920
-3953
-3943
-3628
-4153
-3979
-3619
-4178
-4164
-4098
-3840
-3799
-3638
-3879
-4014
-3817
-3957
-4131
-3924
-3995
-3716
-4177
-3709
-4072
-3668
-3968
-4213
-3959
-3920
-4071
-3967
-4157
-4009
-4196
-3965
-3722
-3828
-3747
-4074
-3633
-4024
-4138
-3931
-3801
-3937
-4266
-4020
-3969
-3671
-3634
-3879
-4225
-3791
-3800
-3653
-3658
-3834
-3980
-4269
-4132
-4277
-4219
-4145
-3725
-4086
-3798
-3982
-4136
-4239
-4206
-3769
-4180
-4135
-4062
-4063
-4125
-3775
-3703
-3851
-3896
-3700
-3665
-3829
-4033
-4115
-4079
-3970
-3792
-4268
-4278
-3820
-4192
-4061
-4247
-3906
-4271
-3824
-3896
-3869
-3701
-3834
-4323
-3891
-4244
-4125
-3827
-3961
-3696
-4176
-3874
-4157
-4258
-4185
-4071
-3935
-3877
-4189
-3729
-3970
-4172
-4294
-4078
-4072
-4155
-3877
-4040
-4072
-4085
-3957
-4304
-3909
-3804
-4301
-4278
-3981
-3811
-4182
-4008
-4120
-4227
-3843
-4357
-4158
-4105
-4298
-4162
-3992
-4348
-3938
-3840
-3872
-4280
-4166
-4146
-3899
-3908
-3768
-4046
-3994
-4099
-4316
-3783
-3985
-3893
-3770
-3878
-4174
-3957
-4388
-3775
-3771
-3765
-3972
-3950
-3969
-4341
-3918
-4336
-4108
-4052
-4098
-3913
-4174
-4243
-3824
-3943
-4392
-3769
-3952
-4096
-4175
-4374
-3928
-3902
-4050
-4160
-4138
-4197
-4023
-3888
-3861
-3817
-3815
-3959
-3815
-4022
-4325
-3978
-4269
-4229
-3992
-4318
-3982
-4136
-4434
-4324
-4271
-3997
-4289
-4315
-3867
-4026
-4119
-3947
-3894
-4272
-4341
-3924
-4129
-3974
-3896
-4128
-4336
-4341
-4029
-4301
-3894
-4179
-4082
-3963
-4033
-4295
-4200
-3862
-3874
-4239
-3904
-4376
-3986
-3961
-4388
-4470
-4348
-4095
-3841
-3921
-3930
-3888
-4056
-4292
-4315
-4212
-4446
-4456
-4239
-4391
-4002
-4131
-4051
-4126
-3917
-4492
-4105
-4255
-4475
-4478
-4112
-3986
-4009
-4176
-4434
-4054
-4060
-4353
-4500
-3963
-4155
-4102
-4323
-4381
-4342
-4180
-4127
-3994
-4413
-4192
-4116
-4198
-4310
-4252
-3977
-4182
-4275
-3942
-3910
-4110
-4117
-3891
-4395
-4211
-4492
-4226
-4135
-4336
-4073
-4303
-4113
-4008
-4342
-4346
-3972
-4131
-4078
-4477
-4198
-4389
-3964
-4064
-4494
-4222
-4032
-4037
-3914
-4510
-4170
-4370
-4547
-3993
-4317
-3960
-3990
-4233
-4112
-4461
-4363
-4255
-4034
-4342
-4183
-4186
-4280
-4093
-4212
-4473
-4289
-4341
-3939
-4364
-4472
-4189
-4569
-4271
-4059
-4334
-4022
-4090
-4434
-4279
-4499
-4165
-4026
-4070
-4096
-4412
-4235
-4206
-3989
-4190
-4410
-4152
-4208
-4087
-4384
-4232
-4128
-4402
-3976
-4077
-4351
-4159
-4080
-4208
-4022
-4094
-4358
-4241
-4453
-4407
-4256
-3980
-4545
-4179
-4425
-4418
-4360
-4442
-4089
-4421
-4587
-4195
-4555
-4348
-4229
-4080
-4082
-4028
-4303
-4462
-4066
-4190
-4456
-4448
-4399
-4121
-4409
-4251
-4556
-4617
-4554
-4510
-4062
-4520
-4266
-4526
-4036
-4044
-4496
-4573
-4229
-4564
-4323
-4334
-4268
-4410
-4142
-4308
-4089
-4147
-4401
-4663
-4475
-4242
-4652
-4304
-4163
-4319
-4209
-4619
-4138
-4038
-4121
-4353
-4281
-4582
-4413
-4640
-4411
-4448
-4312
-4174
-4605
-4612
-4280
-4679
-4131
-4594
-4237
-4559
-4222
-4324
-4518
-4664
-4583
-4186
-4334
-4572
-4350
-4601
-4420
-4425
-4686
-4304
-4609
-4128
-4359
-4243
-4678
-4076
-4195
-4078
-4162
-4701
-4263
-4268
-4545
-4573
-4388
-4714
-4402
-4238
-4679
-4453
-4240
-4621
-4360
-4391
-4596
-4590
-4241
-4157
-4585
-4212
-4442
-4313
-4545
-4633
-4191
-4107
-4476
-4688
-4676
-4716
-4117
-4122
-4288
-4725
-4743
-4401
-4423
-4263
-4253
-4732
-4687
-4310
-4671
-4138
-4172
-4591
-4718
-4159
-4759
-4218
-4549
-4594
-4493
-4558
-4466
-4423
-4586
-4692
-4376
-4719
-4758
-4201
-4773
-4366
-4151
-4399
-4187
-4354
-4264
-4248
-4452
-4746
-4446
-4738
-4535
-4491
-4200
-4517
-4677
-4495
-4567
-4164
-4419
-4524
-4420
-4355
-4313
-4557
-4749
-4183
-4723
-4487
-4618
-4711
-4780
-4242
-4276
-4298
-4546
-4271
-4672
-4679
-4269
-4233
-4369
-4332
-4803
-4808
-4766
-4285
-4711
-4516
-4789
-4270
-4344
-4364
-4265
-4553
-4263
-4611
-4832
-4630
-4305
-4452
-4476
-4432
-4589
-4662
-4641
-4621
-4352
-4472
-4667
-4667
-4660
-4845
-4471
-4531
-4710
-4567
-4487
-4241
-4386
-4354
-4329
-4532
-4603
-4542
-4406
-4310
-4649
-4806
-4254
-4865
-4298
-4623
-4751
-4779
-4585
-4378
-4755
-4833
-4269
-4584
-4326
-4796
-4834
-4793
-4505
-4288
-4394
-4634
-4745
-4506
-4772
-4734
-4741
-4637
-4902
-4478
-4887
-4535
-4561
-4764
-4611
-4771
-4587
-4600
-4522
-4667
-4610
-4740
-4599
-4479
-4401
-4769
-4290
-4401
-4673
-4745
-4838
-4720
-4788
-4859
-4854
-4789
-4591
-4816
-4352
-4319
-4575
-4611
-4457
-4767
-4586
-4679
-4814
-4427
-4721
-4306
-4596
-4827
-4776
-4746
-4862
-4918
-4517
-4517
-4681
-4775
-4811
-4669
-4573
-4584
-4821
-4627
-4720
-4688
-4944
-4369
-4335
-4722
-4751
-4342
-4616
-4471
-4336
-4880
-4523
-4949
-4841
-4955
-4586
-4405
-4541
-4453
-4595
-4466
-4854
-4706
-4408
-4747
-4937
-4410
-4721
-4833
-4509
-4844
-4824
-4939
-4964
-4909
-4672
-4832
-4745
-4681
-4566
-4702
-4686
-4581
-4902
-4569
-4892
-4550
-4829
-4615
-4557
-4476
-4844
-4783
-4921
-4442
-4768
-4745
-4911
-4409
-4776
-4939
-4412
-4736
-4466
-4818
-4820
-4955
-4585
-4526
-4802
-4623
-4782
-4451
-4596
-4523
-4525
-4947
-4658
-4553
-4479
-4881
-4794
-4965
-4912
-4648
-4564
-4916
-4542
-4780
-4639
-4539
-4523
-4602
-4853
-4417
-4614
-4543
-4751
-4833
-4741
-4793
-4703
-4824
-4850
-4547
-4622
-4937
-5061
-4906
-5023
-4622
-4703
-5025
-4812
-4751
-4837
-4437
-4697
-4978
-4950
-4942
-5029
-4771
-4470
-4541
-4965
-4547
-4665
-4726
-4527
-5020
-4727
-4511
-4594
-4477
-4526
-4718
-4519
-4757
-4585
-4965
-4537
-4486
-4651
-4936
-4576
-4539
-4465
-4863
-4650
-4892
-5075
-5050
-5064
-4556
-4563
-4750
-5088
-4813
-4821
-4994
-4491
-4868
-4493
-4492
-4888
-5014
-4524
-4532
-5046
-4576
-4777
-5072
-5127
-5000
-4793
-4494
-4560
-4917
-4653
-4901
-4715
-4917
-4961
-4636
-5004
-4520
-4858
-4694
-4645
-4752
-5144
-5136
-5092
-5023
-5052
-5140
-4519
-4895
-4617
-5081
-5019
-4758
-4873
-4861
-5047
-4553
-5162
-4748
-4555
-4909
-4975
-4707
-4958
-5085
-4598
-4826
-4916
-4649
-5159
-4997
-4599
-5005
-5090
-4968
-5105
-4990
-4841
-5004
-5132
-4997
-4985
-4911
-4930
-4681
-4871
-4758
-4774
-4806
-5056
-4927
-4600
-5168
-4569
-4597
-4948
-4967
-4874
-4959
-4854
-5015
-4996
-5033
-4828
-5202
-4671
-4757
-4650
-5118
-4641
-4777
-5097
-4773
-5182
-4914
-4776
-4844
-4651
-4721
-5181
-5156
-4854
-4701
-4919
-5179
-4689
-4871
-5179
-4903
-4978
-4940
-4882
-5160
-4612
-4703
-4680
-4862
-4813
-4662
-5211
-4949
-4992
-5169
-5215
-4791
-5037
-4868
-5040
-4653
-4733
-4813
-4800
-5042
-4933
-4943
-4918
-4696
-5214
-4645
-4916
-4990
-4660
-4862
-4698
-4770
-5132
-5274
-4817
-5124
-4857
-5053
-4843
-4663
-5134
-5111
-4901
-4760
-4987
-4990
-4687
-5130
-4716
-4753
-5267
-4906
-4711
-4795
-5246
-5187
-5129
-4868
-5204
-4919
-4887
-4793
-4892
-4931
-4676
-4976
-5217
-5010
-5274
-5227
-5169
-4962
-5180
-5181
-5092
-4991
-4921
-4865
-4681
-4953
-4941
-4953
-4824
-5088
-4759
-4958
-5033
-4805
-4958
-5230
-4883
-5196
-5196
-5000
-4776
-4882
-4785
-5289
-4978
-4782
-4724
-4778
-4779
-5133
-4916
-5325
-5044
-4747
-4895
-5216
-5019
-5242
-4867
-5308
-5027
-5235
-4911
-4729
-4992
-4832
-5113
-4978
-4797
-4905
-5364
-4806
-4737
-5258
-4947
-5170
-5144
-5374
-5200
-4865
-4780
-4927
-5239
-5370
-4837
-4912
-5287
-5167
-5273
-4938
-4950
-4747
-4904
-5132
-4831
-4758
-4893
-4780
-4924
-5127
-4915
-5118
-4874
-5047
-4888
-5159
-4946
-4930
-5354
-4908
-5054
-4794
-5329
-5069
-5275
-5212
-4953
-4782
-5401
-5035
-5009
-5041
-4808
-5194
-4996
-4900
-5018
-5161
-5123
-5241
-4804
-5088
-4903
-4819
-4842
-5110
-5049
-4901
-5426
-5035
-5425
-5052
-5025
-5306
-4799
-5436
-5176
-5129
-5017
-5264
-4899
-4809
-4822
-4925
-4918
-5190
-4913
-4874
-5328
-4972
-5265
-5302
-4953
-5402
-5005
-4834
-5189
-5030
-5255
-5346
-5171
-4926
-4883
-5098
-4972
-5442
-5438
-4889
-5334
-5294
-5108
-5173
-4873
-5351
-4881
-5215
-5078
-5311
-5110
-5271
-5210
-5078
-5424
-4857
-5373
-5434
-4930
-5259
-4889
-5044
-5060
-5079
-5469
-4994
-5248
-5376
-5176
-5208
-5298
-4878
-5046
-5058
-5039
-5404
-5479
-5045
-5135
-5250
-5031
-5490
-4996
-5271
-5115
-5487
-4905
-5431
-4958
-4950
-5124
-5232
-5505
-5247
-4908
-5049
-4980
-4990
-5284
-5065
-5491
-4992
-5338
-4959
-5138
-5018
-5065
-5157
-5102
-5224
-4912
-5175
-4955
-5257
-5128
-5215
-5019
-5522
-5292
-5530
-5342
-5419
-4923
-5350
-5211
-5076
-5063
-5519
-5259
-4948
-5561
-4957
-5195
-5377
-5523
-5491
-5136
-5202
-4961
-5560
-5276
-5421
-5194
-5404
-5252
-5284
-5555
-4945
-4960
-5420
-5037
-5473
-4978
-5052
-5363
-5141
-5186
-5559
-4952
-5127
-5115
-5194
-5592
-5073
-5567
-5054
-5586
-5133
-5127
-4965
-5153
-4975
-5098
-5373
-5000
-5407
-5452
-5483
-5215
-5395
-5086
-5217
-5282
-5340
-5239
-5289
-5049
-5061
-5007
-5318
-5358
-5568
-5236
-5470
-5072
-5369
-5103
-5350
-5154
-5546
-5597
-5138
-5030
-5220
-5481
-5440
-5140
-5401
-5449
-5518
-5418
-5533
-5014
-5081
-5311
-5618
-5447
-5490
-5412
-5506
-5570
-5535
-5209
-5292
-5544
-5526
-5557
-5328
-5273
-5500
-5050
-5528
-5311
-5463
-5629
-5121
-5459
-5588
-5394
-5542
-5161
-5456
-5319
-5202
-5257
-5118
-5221
-5459
-5429
-5567
-5298
-5081
-5216
-5370
-5402
-5155
-5404
-5646
-5197
-5316
-5519
-5618
-5164
-5177
-5352
-5691
-5405
-5600
-5425
-5542
-5258
-5459
-5587
-5116
-5139
-5108
-5590
-5650
-5689
-5350
-5412
-5599
-5441
-5130
-5207
-5181
-5465
-5246
-5391
-5481
-5559
-5393
-5339
-5518
-5284
-5151
-5393
-5499
-5615
-5130
-5531
-5604
-5598
-5424
-5497
-5683
-5343
-5509
-5352
-5589
-5609
-5299
-5606
-5734
-5750
-5578
-5524
-5125
-5409
-5116
-5631
-5153
-5397
-5459
-5489
-5722
-5338
-5380
-5616
-5540
-5604
-5250
-5449
-5152
-5329
-5273
-5172
-5626
-5179
-5667
-5365
-5212
-5531
-5488
-5534
-5706
-5754
-5461
-5651
-5491
-5394
-5363
-5300
-5773
-5657
-5207
-5632
-5408
-5492
-5298
-5735
-5500
-5240
-5312
-5590
-5199
-5599
-5162
-5220
-5163
-5216
-5652
-5446
-5616
-5233
-5723
-5711
-5407
-5806
-5402
-5397
-5714
-5449
-5451
-5738
-5589
-5519
-5451
-5458
-5211
-5725
-5190
-5730
-5358
-5768
-5472
-5506
-5805
-5309
-5694
-5673
-5442
-5300
-5332
-5530
-5337
-5837
-5416
-5664
-5743
-5465
-5704
-5334
-5795
-5593
-5712
-5657
-5792
-5746
-5319
-5288
-5486
-5410
-5652
-5790
-5397
-5296
-5224
-5680
-5419
-5294
-5584
-5611
-5824
-5387
-5361
-5854
-5254
-5763
-5802
-5364
-5644
-5500
-5518
-5805
-5422
-5651
-5641
-5339
-5840
-5674
-5469
-5756
-5842
-5516
-5690
-5351
-5746
-5444
-5371
-5458
-5459
-5280
-5550
-5294
-5565
-5422
-5401
-5641
-5444
-5458
-5849
-5294
-5596
-5288
-5306
-5812
-5387
-5683
-5409
-5630
-5312
-5339
-5433
-5632
-5566
-5870
-5580
-5867
-5460
-5610
-5412
-5307
-5868
-5543
-5358
-5336
-5879
-5785
-5733
-5515
-5613
-5426
-5859
-5934
-5521
-5486
-5802
-5337
-5464
-5698
-5821
-5804
-5541
-5408
-5848
-5655
-5360
-5866
-5322
-5384
-5831
-5848
-5813
-5761
-5829
-5489
-5467
-5687
-5715
-5894
-5683
-5745
-5687
-5709
-5932
-5506
-5565
-5586
-5971
-5460
-5778
-5841
-5608
-5508
-5753
-5429
-5395
-5975
-5432
-5713
-5471
-5547
-5966
-5975
-5919
-5758
-5925
-5422
-5690
-5922
-5416
-5481
-5498
-5462
-5593
-5840
-5681
-5420
-5777
-5648
-5572
-5486
-5735
-5721
-5737
-5429
-5644
-5434
-5826
-5772
-5515
-5482
-5926
-5822
-5619
-5463
-5413
-5535
-5576
-5745
-5893
-5788
-5525
-5990
-5399
-5636
-5611
-5940
-5950
-5548
-5781
-5972
-5427
-5981
-6021
-5460
-6038
-5879
-5801
-5558
-5634
-5635
-5798
-5694
-5717
-5853
-5645
-5701
-5686
-5497
-5852
-5801
-5799
-5872
-6018
-5636
-5449
-5715
-5431
-5741
-5619
-5755
-5788
-5475
-6023
-5840
-5918
-6011
-6007
-5900
-5580
-5602
-5978
-5821
-5677
-5831
-5641
-5598
-5443
-5518
-5976
-5616
-5534
-5566
-5951
-6037
-5772
-5639
-5683
-5714
-5818
-5697
-5791
-5695
-5874
-5872
-5687
-5748
-5561
-5558
-5478
-5708
-5679
-5987
-5538
-5504
-5927
-5542
-5779
-5714
-5732
-5694
-5510
-5825
-6119
-5833
-5892
-5678
-5563
-5889
-5688
-5647
-5651
-5758
-5877
-5664
-5532
-5662
-5779
-5980
-5950
-5976
-5908
-5874
-6094
-6030
-5674
-5546
-5674
-5910
-5543
-5628
-5980
-5574
-5818
-6070
-5521
-6081
-6108
-6144
-6060
-5636
-5715
-6038
-5525
-5804
-5698
-6083
-5690
-5726
-5728
-5932
-5656
-5625
-5626
-5812
-5888
-5618
-6100
-5714
-5656
-5571
-5625
-5651
-5695
-6037
-6130
-5849
-5594
-5898
-5647
-6153
-5758
-5729
-5600
-5618
-5882
-5812
-5611
-5837
-5743
-6155
-5643
-6010
-5817
-5980
-5607
-6132
-6136
-5700
-6206
-6101
-5592
-5879
-5608
-6066
-5819
-5655
-6140
-5803
-5835
-5797
-5716
-6207
-5713
-6156
-5847
-5776
-5841
-5951
-6122
-5797
-5923
-5836
-6056
-6078
-5793
-5982
-6199
-5632
-6195
-5865
-6221
-6088
-6030
-5960
-5778
-6214
-6149
-6017
-5951
-6092
-5792
-6247
-5982
-6247
-5780
-6253
-6111
-5802
-6161
-5815
-5880
-5942
-6166
-5843
-5657
-6185
-6259
-5691
-5638
-6005
-6068
-5675
-5853
-6227
-5778
-5635
-5980
-6157
-5640
-6238
-5662
-6044
-6270
-5778
-5789
-5872
-5730
-5796
-6006
-5735
-5766
-5650
-6229
-6104
-6273
-6111
-5873
-6141
-5833
-5738
-5767
-5836
-6214
-6235
-6215
-5899
-6042
-6167
-6119
-5899
-6300
-6235
-6004
-5863
-6179
-6295
-6089
-5841
-6036
-5948
-6233
-5811
-6103
-5808
-6194
-6191
-5729
-6159
-5986
-5851
-6033
-6108
-5900
-6327
-5739
-6310
-5980
-6029
-6096
-6134
-6328
-5743
-5778
-6059
-6232
-5753
-5924
-5932
-5822
-5965
-6004
-6321
-6120
-6288
-5829
-5856
-6045
-5840
-5899
-5938
-5724
-5888
-6191
-5746
-6237
-6112
-6349
-6236
-5726
-6017
-6201
-6076
-6029
-6058
-6314
-6217
-6340
-6328
-5850
-5782
-6034
-5777
-6367
-5790
-6293
-6295
-5961
-6270
-6308
-6386
-6070
-5982
-6094
-5926
-5780
-6335
-6234
-6042
-6195
-6299
-6099
-6094
-6169
-6388
-6312
-6360
-6148
-6273
-6152
-6356
-5844
-6021
-6000
-5977
-6399
-6010
-6244
-6136
-5799
-6250
-6217
-6275
-5794
-6255
-6413
-6006
-5956
-5815
-5979
-6365
-6084
-6080
-6019
-5951
-6416
-6018
-6249
-6141
-6425
-6255
-5951
-6073
-6056
-5998
-6441
-6208
-6130
-5846
-6410
-5998
-5884
-5876
-6121
-5878
-5885
-6244
-5860
-6172
-6245
-6174
-6204
-5979
-6329
-6274
-6074
-5838
-6422
-5896
-6219
-6028
-6250
-6426
-6179
-6409
-6180
-6434
-6401
-6170
-6016
-6330
-6436
-6410
-6351
-6232
-5970
-6259
-6240
-5851
-6295
-6046
-6400
-5931
-6244
-6400
-6280
-5862
-5919
-6462
-6286
-6084
-6053
-6008
-6024
-5981
-6398
-6434
-5987
-6196
-6376
-5915
-5898
-5910
-6417
-6219
-6020
-5884
-6165
-6007
-6298
-5907
-6024
-6394
-6164
-6474
-6341
-6011
-6113
-6204
-6341
-5926
-6317
-6143
-5949
-6447
-5951
-6151
-6134
-6520
-6168
-6384
-5898
-6465
-6515
-6366
-6183
-6211
-5974
-5979
-6084
-6216
-6133
-6284
-5964
-6164
-6181
-6517
-6257
-6023
-6390
-5940
-6106
-6443
-6261
-6211
-6146
-6474
-6121
-6444
-6063
-6253
-6421
-6555
-6171
-6324
-6258
-6056
-6299
-5986
-6431
-6539
-6002
-6014
-6099
-6061
-6272
-6368
-6223
-6278
-6481
-5957
-6037
-6539
-6280
-5970
-6271
-6227
-6015
-6366
-6330
-6482
-6083
-6580
-6543
-6261
-6454
-6512
-6128
-6091
-6450
-6046
-6588
-6333
-6267
-6478
-6416
-6344
-6036
-6239
-6299
-6211
-6414
-6522
-6198
-6081
-6619
-6548
-6273
-6006
-6443
-6616
-6387
-6417
-6026
-6026
-6527
-6513
-6630
-6160
-6103
-6288
-6127
-6160
-6203
-6218
-6635
-6643
-6190
-6294
-6596
-6386
-6102
-6129
-6174
-6024
-6570
-6019
-6153
-6105
-6257
-6622
-6566
-6375
-6549
-6054
-6311
-6600
-6083
-6068
-6056
-6374
-6028
-6609
-6150
-6474
-6109
-6661
-6100
-6443
-6300
-6638
-6426
-6246
-6672
-6678
-6435
-6291
-6307
-6398
-6555
-6287
-6511
-6074
-6393
-6422
-6384
-6533
-6584
-6686
-6682
-6122
-6236
-6429
-6283
-6271
-6502
-6601
-6208
-6470
-6095
-6663
-6484
-6219
-6223
-6365
-6533
-6388
-6212
-6667
-6481
-6690
-6280
-6381
-6358
-6690
-6286
-6679
-6461
-6449
-6642
-6494
-6697
-6701
-6567
-6380
-6361
-6235
-6588
-6460
-6224
-6453
-6209
-6269
-6241
-6401
-6726
-6115
-6662
-6609
-6713
-6658
-6129
-6682
-6373
-6267
-6123
-6719
-6705
-6661
-6394
-6283
-6478
-6356
-6428
-6742
-6242
-6724
-6172
-6431
-6257
-6433
-6316
-6150
-6573
-6246
-6642
-6662
-6156
-6182
-6660
-6439
-6430
-6550
-6419
-6630
-6606
-6244
-6280
-6411
-6598
-6410
-6672
-6686
-6280
-6326
-6212
-6197
-6276
-6365
-6470
-6606
-6220
-6664
-6403
-6348
-6696
-6525
-6292
-6553
-6261
-6447
-6235
-6173
-6533
-6567
-6622
-6547
-6636
-6745
-6561
-6813
-6433
-6769
-6405
-6461
-6398
-6590
-6622
-6660
-6564
-6345
-6469
-6212
-6763
-6362
-6595
-6427
-6649
-6236
-6353
-6773
-6257
-6409
-6643
-6494
-6655
-6517
-6442
-6671
-6754
-6321
-6723
-6296
-6307
-6707
-6586
-6652
-6295
-6403
-6538
-6727
-6665
-6556
-6317
-6427
-6538
-6801
-6825
-6780
-6250
-6592
-6748
-6357
-6593
-6658
-6615
-6484
-6814
-6250
-6546
-6522
-6876
-6259
-6506
-6562
-6854
-6491
-6464
-6792
-6838
-6607
-6609
-6328
-6399
-6695
-6558
-6386
-6551
-6876
-6359
-6293
-6509
-6667
-6858
-6706
-6533
-6533
-6675
-6317
-6510
-6815
-6804
-6877
-6755
-6319
-6584
-6752
-6311
-6856
-6634
-6657
-6787
-6486
-6801
-6889
-6285
-6539
-6294
-6549
-6817
-6833
-6613
-6452
-6553
-6525
-6674
-6298
-6690
-6369
-6595
-6771
-6818
-6441
-6430
-6720
-6938
-6571
-6585
-6907
-6837
-6932
-6452
-6452
-6942
-6936
-6539
-6794
-6507
-6534
-6397
-6357
-6653
-6600
-6905
-6595
-6622
-6438
-6548
-6758
-6717
-6898
-6498
-6531
-6917
-6523
-6961
-6894
-6642
-6702
-6438
-6831
-6785
-6725
-6461
-6577
-6447
-6419
-6556
-6465
-6962
-6597
-6380
-6577
-6355
-6942
-6855
-6987
-6790
-6398
-6504
-6388
-6869
-6573
-6795
-6742
-6905
-6544
-6375
-6854
-6543
-6848
-6823
-6878
-6684
-6379
-6440
-7007
-6572
-6678
-6612
-6583
-6772
-6435
-6776
-6628
-6484
-6518
-6981
-6493
-6906
-6571
-7005
-6728
-6953
-6866
-6714
-6966
-6460
-6620
-6710
-6884
-6743
-6925
-6739
-6758
-6848
-6616
-6578
-6608
-6924
-6996
-6498
-6826
-6425
-6760
-6803
-6529
-6685
-6795
-6719
-6519
-6646
-7002
-6456
-7020
-6940
-6609
-6920
-6612
-6928
-6799
-6503
-6448
-6877
-6814
-6993
-6478
-6899
-7036
-6878
-6779
-6655
-6474
-6988
-6517
-6501
-6893
-6487
-6503
-6718
-7014
-6657
-6556
-6648
-6904
-7027
-6622
-6984
-6708
-6543
-6744
-7049
-6753
-7070
-6967
-7057
-6841
-6511
-6500
-6546
-6965
-6964
-6540
-6806
-6475
-6701
-6527
-6999
-6496
-6593
-6888
-6501
-6668
-7070
-6509
-6509
-6927
-7119
-6966
-6670
-6935
-6714
-6836
-6537
-6827
-7125
-6614
-6898
-6724
-6715
-7120
-7035
-6722
-6522
-6657
-6948
-6913
-6927
-6534
-6581
-6939
-6809
-6920
-6882
-6580
-7092
-6683
-6887
-6923
-6519
-6670
-6603
-7102
-6715
-6783
-6559
-6867
-7036
-6625
-6901
-6706
-6592
-7032
-6814
-6714
-6656
-6838
-6628
-6981
-6858
-6614
-6789
-7033
-7060
-7014
-6751
-6707
-6682
-6755
-6629
-6660
-6877
-7093
-7071
-7150
-7179
-6858
-6825
-7080
-7175
-6596
-7029
-6670
-6994
-6741
-7046
-6732
-6916
-6962
-6715
-7112
-6656
-6680
-7115
-6917
-6845
-7152
-7011
-7192
-6779
-6982
-6576
-6594
-6660
-6666
-7093
-6967
-7135
-6671
-6940
-7028
-6769
-6830
-6653
-7199
-6875
-6809
-7088
-6666
-6612
-6982
-7016
-6856
-6996
-6695
-6967
-7153
-6972
-7184
-6849
-7096
-7006
-7081
-6794
-7116
-6741
-7122
-6736
-7108
-6688
-7222
-7023
-7012
-6780
-6790
-6811
-6934
-6989
-6717
-7073
-6788
-6966
-7140
-6706
-7239
-6667
-6717
-7200
-6964
-6854
-7100
-6781
-6962
-6831
-7239
-7196
-7276
-6777
-6841
-7239
-7080
-6702
-7042
-6761
-7195
-7253
-7252
-7013
-7059
-6948
-7126
-7086
-7285
-6676
-7083
-6811
-7018
-6805
-7122
-7203
-6913
-6894
-6839
-7191
-6819
-6704
-6681
-6675
-7067
-6902
-6902
-7150
-7296
-7112
-6790
-6746
-7123
-6867
-7223
-6967
-6738
-7057
-7149
-6831
-7210
-7129
-6739
-6847
-7022
-6787
-7092
-7314
-6895
-7163
-6939
-7029
-7176
-7297
-7039
-7037
-7162
-6919
-7200
-7214
-7283
-6843
-7226
-6982
-7057
-6934
-7061
-6800
-7150
-7356
-6997
-7035
-6924
-6746
-7046
-7276
-7202
-6850
-6893
-7114
-6739
-7220
-7003
-6732
-7373
-7144
-7349
-6757
-6969
-7077
-7328
-7354
-6843
-6840
-6764
-6893
-6842
-7206
-6890
-7160
-7171
-7303
-6805
-6898
-6812
-7109
-6925
-7285
-6915
-7322
-7186
-7008
-7175
-7271
-6972
-7254
-7338
-6797
-7134
-6853
-7091
-7003
-6930
-6869
-6960
-7127
-6819
-7196
-7329
-6964
-6999
-6976
-6858
-7140
-6891
-7246
-6927
-7192
-7337
-7193
-7189
-7391
-7245
-7096
-7127
-7315
-6982
-6817
-6830
-7056
-7014
-7030
-7008
-7321
-6893
-6813
-7149
-7006
-7444
-6863
-6894
-7227
-7102
-7313
-6995
-7375
-6877
-7256
-6873
-7327
-7329
-7244
-7030
-6873
-7389
-6935
-7257
-7292
-7396
-6993
-6936
-7164
-7285
-7330
-7094
-7246
-7069
-7107
-7153
-6896
-6930
-7090
-7264
-7179
-7173
-6853
-7478
-7158
-7298
-6983
-7130
-6983
-7318
-7152
-6959
-7329
-7195
-7195
-7016
-7159
-7049
-7105
-7286
-7322
-7162
-7067
-7098
-7385
-6943
-7235
-7280
-7479
-7208
-6910
-7142
-7212
-6963
-7393
-7160
-7282
-7298
-7381
-7098
-7471
-7245
-7315
-7044
-7150
-7175
-7383
-7292
-7172
-7323
-7100
-6900
-7222
-7522
-7178
-7395
-7286
-7254
-7354
-7367
-7084
-7361
-7277
-7536
-7263
-7146
-6995
-6926
-7024
-7213
-7512
-7254
-7124
-7277
-7191
-7531
-7059
-7121
-7318
-7336
-7186
-7328
-7275
-7151
-7434
-7004
-7211
-7567
-7025
-7261
-7363
-7241
-7577
-7392
-7217
-7052
-7528
-6953
-7210
-7525
-7338
-7037
-7533
-7432
-7556
-7491
-7570
-7513
-7423
-7197
-7549
-7170
-7261
-7093
-7042
-7083
-7224
-7513
-7053
-7224
-7283
-7108
-7319
-7189
-7118
-7496
-7569
-7522
-7216
-7074
-7149
-7361
-7034
-7182
-7346
-7136
-6987
-7491
-7443
-7559
-7352
-7544
-7302
-7491
-7092
-7560
-7117
-7313
-7155
-7090
-7211
-7630
-7347
-7564
-7349
-7285
-7354
-7422
-7025
-7579
-7426
-7512
-7473
-7153
-7224
-7124
-7553
-7134
-7579
-7537
-7234
-7646
-7444
-7016
-7472
-7505
-7035
-7340
-7050
-7033
-7197
-7399
-7517
-7196
-7470
-7648
-7277
-7333
-7112
-7265
-7641
-7551
-7123
-7392
-7236
-7384
-7632
-7525
-7170
-7558
-7282
-7344
-7626
-7337
-7132
-7469
-7523
-7293
-7208
-7197
-7196
-7666
-7363
-7571
-7117
-7600
-7349
-7359
-7631
-7616
-7102
-7384
-7592
-7193
-7542
-7247
-7179
-7278
-7635
-7236
-7439
-7199
-7598
-7184
-7400
-7593
-7412
-7508
-7234
-7479
-7460
-7602
-7621
-7193
-7657
-7208
-7227
-7255
-7666
-7350
-7416
-7380
-7449
-7409
-7158
-7461
-7216
-7707
-7577
-7573
-7594
-7238
-7507
-7549
-7246
-7394
-7183
-7675
-7575
-7553
-7158
-7590
-7694
-7562
-7347
-7379
-7369
-7473
-7624
-7566
-7308
-7589
-7327
-7705
-7312
-7556
-7681
-7300
-7459
-7343
-7519
-7689
-7596
-7192
-7196
-7614
-7397
-7161
-7468
-7722
-7539
-7214
-7484
-7755
-7604
-7374
-7667
-7735
-7211
-7531
-7372
-7415
-7793
-7532
-7512
-7767
-7471
-7548
-7701
-7187
-7804
-7447
-7178
-7748
-7707
-7507
-7453
-7673
-7631
-7204
-7198
-7296
-7575
-7587
-7382
-7746
-7220
-7289
-7563
-7306
-7412
-7751
-7700
-7655
-7343
-7333
-7565
-7448
-7231
-7309
-7482
-7704
-7737
-7398
-7812
-7732
-7297
-7471
-7360
-7680
-7641
-7822
-7538
-7841
-7763
-7433
-7549
-7742
-7822
-7707
-7255
-7262
-7349
-7686
-7600
-7563
-7827
-7579
-7623
-7848
-7442
-7361
-7458
-7264
-7524
-7448
-7824
-7514
-7688
-7367
-7361
-7772
-7316
-7659
-7312
-7700
-7299
-7694
-7544
-7632
-7267
-7623
-7632
-7742
-7827
-7784
-7357
-7322
-7566
-7369
-7453
-7313
-7808
-7611
-7862
-7418
-7623
-7518
-7337
-7835
-7836
-7634
-7619
-7682
-7642
-7695
-7743
-7327
-7820
-7680
-7906
-7584
-7349
-7857
-7470
-7661
-7388
-7394
-7581
-7840
-7713
-7534
-7344
-7678
-7587
-7808
-7868
-7648
-7880
-7319
-7385
-7562
-7630
-7380
-7502
-7892
-7814
-7828
-7571
-7517
-7433
-7318
-7374
-7598
-7933
-7585
-7616
-7651
-7759
-7367
-7778
-7847
-7426
-7790
-7882
-7810
-7910
-7935
-7386
-7387
-7840
-7535
-7392
-7548
-7878
-7543
-7457
-7714
-7416
-7570
-7823
-7423
-7474
-7905
-7510
-7951
-7461
-7477
-7768
-7498
-7855
-7979
-7914
-7466
-7362
-7959
-7715
-7883
-7469
-7431
-7569
-7983
-7478
-7964
-7936
-7516
-7531
-7971
-7632
-7908
-7475
-7798
-7373
-7898
-7428
-7846
-7445
-7674
-7483
-7436
-7381
-7728
-7604
-7613
-7641
-7571
-7612
-7392
-7620
-7749
-7919
-7606
-7629
-7612
-7871
-7930
-7929
-7442
-7721
-7422
-7611
-7410
-7574
-7867
-7679
-7513
-7440
-7527
-7453
-7486
-7805
-7481
-8028
-7910
-7880
-7878
-7723
-7860
-7854
-7827
-7511
-7722
-7449
-7543
-7494
-7980
-7444
-7764
-7433
-7819
-7512
-8037
-7733
-7937
-7702
-7954
-7686
-7817
-7736
-7743
-7464
-7700
-7480
-8065
-7583
-7847
-8079
-7473
-7727
-7486
-7955
-7444
-8001
-7878
-8011
-7700
-7800
-7664
-7723
-7646
-7624
-7887
-7465
-7704
-7667
-7529
-7769
-7646
-7874
-8031
-7543
-7841
-7873
-7528
-7533
-7481
-7657
-7817
-7625
-8114
-7950
-7485
-7561
-7870
-7709
-7496
-7786
-8014
-7996
-7670
-7863
-7581
-7665
-8031
-7879
-7620
-8028
-7535
-7690
-7777
-7785
-7943
-7817
-7977
-7921
-7608
-7909
-7504
-7991
-7822
-7796
-7906
-7524
-7949
-8005
-7519
-7745
-7817
-8041
-7672
-7709
-7719
-7713
-7972
-7624
-7925
-7577
-7953
-7896
-8118
-8067
-7947
-7640
-7865
-7752
-8167
-8111
-7950
-7831
-8028
-7766
-7557
-8166
-7578
-8090
-7708
-7606
-7626
-7709
-7858
-7831
-8092
-7732
-7667
-7836
-7556
-8099
-7708
-7585
-7723
-8097
-7562
-7815
-7911
-8143
-7760
-7988
-7855
-8121
-7688
-7716
-8094
-8091
-7901
-7962
-7817
-8059
-7657
-7982
-8126
-7705
-8075
-8126
-8198
-8049
-7648
-7881
-7942
-8089
-7830
-7846
-8107
-7756
-8195
-8086
-7832
-7870
-7861
-8195
-7726
-7888
-8091
-8160
-7902
-8213
-7813
-7827
-7801
-7765
-7695
-8051
-8121
-7839
-8189
-7932
-8020
-8027
-8029
-7788
-7917
-7647
-7727
-7928
-7994
-8058
-7765
-8239
-7636
-7987
-8071
-7800
-7795
-8118
-7796
-7784
-8042
-7629
-7858
-8094
-8164
-7956
-8128
-8250
-7939
-7643
-7934
-8103
-8058
-7997
-8184
-8281
-8191
-7761
-8073
-7808
-8083
-8240
-7678
-7928
-8133
-7738
-8005
-7686
-8128
-8254
-7950
-7909
-7964
-8097
-7885
-8001
-8298
-7737
-7876
-8300
-7966
-8305
-8072
-7700
-7827
-7928
-8101
-7684
-8212
-7874
-8234
-8012
-7886
-8259
-7843
-8302
-8038
-7903
-8297
-7963
-7977
-7951
-7936
-8300
-8087
-7815
-7998
-8122
-8060
-7862
-8030
-7719
-7929
-8077
-8105
-8032
-8101
-8236
-7992
-7759
-7746
-8069
-8023
-7805
-8139
-7749
-7968
-8161
-8255
-8296
-7887
-8010
-7857
-7813
-8075
-8143
-8168
-8320
-7740
-7940
-8365
-7846
-7985
-7874
-8351
-8341
-8130
-7912
-8214
-7868
-8141
-8057
-7857
-8197
-7869
-8083
-8327
-7836
-7925
-8233
-8076
-8148
-8199
-7857
-8234
-8226
-8210
-8065
-7997
-7886
-8241
-8179
-7924
-8057
-8302
-8044
-8394
-8167
-7829
-8381
-7782
-8114
-8030
-8309
-8044
-7869
-8082
-7830
-8418
-8308
-8398
-8025
-8375
-8306
-8248
-8195
-7852
-7801
-8156
-8156
-8166
-8077
-8162
-8262
-8262
-7973
-8232
-7826
-8175
-8159
-8139
-8195
-7983
-8083
-7882
-8032
-8446
-8387
-7857
-8429
-7962
-8338
-8168
-8240
-8240
-8257
-8249
-8215
-7942
-8313
-7860
-8127
-8341
-8045
-8227
-8286
-8189
-8276
-7996
-7934
-7954
-8361
-8025
-8248
-8003
-8027
-8052
-8067
-7944
-8146
-8462
-7874
-8236
-7984
-8246
-8297
-8422
-7918
-7851
-7878
-8032
-7857
-8387
-7979
-8007
-8360
-7887
-7902
-7973
-8031
-8047
-8287
-8194
-8202
-8031
-8327
-8158
-7878
-8051
-8113
-8274
-7915
-8300
-8471
-8090
-8126
-8035
-8435
-8044
-7942
-8293
-8468
-7956
-8328
-8143
-8489
-7935
-8510
-8300
-8253
-8244
-8417
-8193
-7893
-8031
-7894
-8410
-8239
-8187
-8036
-8032
-7919
-8216
-8049
-8035
-8291
-7982
-8294
-8528
-8175
-8144
-7920
-8547
-8277
-7927
-8457
-8105
-8398
-8317
-8096
-8497
-8122
-8242
-8465
-8298
-7960
-8219
-8088
-8141
-8129
-8279
-8052
-8307
-8189
-8206
-8196
-7992
-8505
-8360
-8413
-8104
-8408
-8523
-8564
-8045
-8068
-8379
-8076
-8076
-8488
-8374
-8435
-8361
-8555
-7983
-8134
-8420
-8361
-8305
-8001
-8426
-8383
-8164
-7996
-8400
-8213
-8126
-8605
-8259
-8216
-8156
-8020
-8335
-8535
-8195
-8447
-8001
-8250
-8150
-8099
-8234
-8518
-8484
-8325
-8267
-8202
-8473
-8473
-8553
-8453
-8091
-8412
-8535
-8026
-8441
-8517
-8590
-8184
-8632
-8611
-8193
-8258
-8527
-8533
-8506
-8552
-8140
-8040
-8192
-8486
-8616
-8605
-8019
-8230
-8060
-8106
-8403
-8180
-8544
-8511
-8516
-8449
-8161
-8218
-8243
-8291
-8181
-8538
-8202
-8263
-8453
-8468
-8070
-8550
-8537
-8285
-8171
-8190
-8310
-8165
-8675
-8342
-8659
-8505
-8346
-8575
-8142
-8676
-8452
-8428
-8118
-8386
-8254
-8162
-8439
-8457
-8221
-8412
-8209
-8343
-8372
-8159
-8205
-8480
-8273
-8624
-8600
-8670
-8678
-8440
-8329
-8085
-8321
-8477
-8575
-8241
-8440
-8213
-8087
-8384
-8115
-8321
-8588
-8619
-8472
-8589
-8669
-8190
-8320
-8297
-8615
-8368
-8276
-8586
-8253
-8177
-8283
-8655
-8411
-8363
-8134
-8450
-8287
-8667
-8206
-8169
-8199
-8408
-8357
-8566
-8192
-8337
-8402
-8156
-8456
-8380
-8563
-8611
-8616
-8240
-8472
-8389
-8641
-8649
-8189
-8375
-8627
-8605
-8248
-8752
-8513
-8382
-8261
-8543
-8653
-8260
-8657
-8378
-8313
-8685
-8773
-8539
-8633
-8692
-8364
-8729
-8674
-8567
-8324
-8718
-8401
-8494
-8266
-8317
-8428
-8356
-8691
-8279
-8619
-8547
-8283
-8489
-8518
-8708
-8613
-8292
-8510
-8308
-8596
-8717
-8443
-8457
-8221
-8461
-8801
-8189
-8556
-8187
-8508
-8360
-8661
-8446
-8267
-8399
-8371
-8708
-8368
-8534
-8328
-8813
-8426
-8199
-8381
-8621
-8631
-8638
-8473
-8726
-8514
-8298
-8682
-8400
-8418
-8438
-8450
-8348
-8491
-8702
-8451
-8709
-8730
-8687
-8504
-8413
-8651
-8852
-8365
-8299
-8564
-8741
-8317
-8756
-8633
-8226
-8800
-8325
-8587
-8859
-8429
-8608
-8407
-8469
-8557
-8864
-8852
-8845
-8765
-8468
-8259
-8770
-8663
-8290
-8328
-8677
-8835
-8610
-8289
-8418
-8758
-8618
-8531
-8664
-8705
-8760
-8376
-8450
-8519
-8757
-8667
-8805
-8424
-8747
-8872
-8654
-8451
-8639
-8515
-8645
-8759
-8439
-8846
-8546
-8723
-8802
-8795
-8826
-8576
-8839
-8526
-8471
-8514
-8502
-8702
-8643
-8367
-8436
-8442
-8435
-8616
-8317
-8669
-8706
-8578
-8414
-8486
-8684
-8784
-8460
-8874
-8375
-8566
-8462
-8775
-8616
-8914
-8306
-8532
-8783
-8778
-8349
-8799
-8862
-8513
-8418
-8583
-8915
-8727
-8721
-8551
-8402
-8539
-8701
-8410
-8871
-8797
-8333
-8835
-8832
-8675
-8578
-8612
-8613
-8921
-8429
-8460
-8562
-8517
-8420
-8895
-8970
-8747
-8767
-8839
-8435
-8842
-8685
-8352
-8631
-8433
-8781
-8988
-8400
-8482
-8434
-8905
-8592
-8976
-8543
-8892
-8688
-8820
-8662
-8622
-8959
-8716
-8740
-8408
-8569
-8832
-8512
-8783
-8475
-8429
-8495
-8777
-8556
-8632
-8657
-8711
-8393
-8952
-8751
-8967
-8830
-8585
-8954
-8591
-8832
-8689
-8525
-8896
-9027
-8795
-8538
-8417
-8695
-8879
-8728
-8531
-8575
-9040
-8475
-8724
-8552
-8988
-8543
-8918
-8669
-8940
-8415
-8895
-8839
-8904
-8804
-8961
-8940
-8819
-9019
-8555
-8513
-8677
-8850
-8972
-8615
-8793
-8487
-9024
-8967
-8921
-8758
-8691
-8720
-8742
-8526
-8623
-8669
-8617
-8680
-8465
-8945
-8610
-8992
-8753
-8679
-8939
-9070
-8817
-8536
-8715
-8973
-8500
-9022
-8486
-8634
-8778
-8860
-8911
-8623
-8478
-8525
-8684
-8989
-8885
-9014
-8730
-8839
-8484
-8755
-8973
-8974
-8745
-8493
-8753
-9037
-8825
-8573
-9002
-8778
-9028
-8573
-9018
-8848
-9080
-9100
-9078
-8529
-8549
-8961
-8639
-8762
-8639
-9039
-8545
-8511
-9108
-9021
-8661
-8835
-8714
-8590
-8565
-8926
-8910
-8660
-9061
-9000
-8687
-8725
-9069
-9130
-8551
-9093
-8984
-8935
-9072
-9124
-9030
-8731
-8687
-8565
-9160
-9095
-9144
-8899
-8913
-8832
-8612
-8684
-8893
-8947
-8608
-9060
-9160
-9087
-8737
-8549
-8775
-8862
-9158
-9116
-8814
-8642
-8653
-9142
-8810
-9012
-8805
-9166
-8680
-8633
-9044
-9182
-8672
-9035
-9095
-8739
-8821
-9016
-8751
-9017
-8797
-9013
-9063
-8777
-8620
-8743
-8741
-8627
-9034
-8716
-8755
-9049
-8706
-9076
-9031
-8996
-9102
-9052
-9131
-8645
-8753
-9046
-9213
-8800
-9156
-8836
-9113
-8892
-9020
-8903
-8923
-8776
-8718
-9028
-9141
-8942
-8777
-8696
-8713
-9077
-8901
-8864
-8637
-8842
-8823
-8651
-8621
-9093
-9108
-8977
-9129
-9040
-8732
-9231
-9071
-9200
-8637
-8779
-8914
-9088
-9215
-9120
-9110
-9093
-9205
-9125
-8886
-9105
-8868
-8856
-8996
-8756
-8921
-9027
-9247
-9178
-9112
-8802
-8720
-9000
-8860
-8874
-8722
-9281
-8746
-8910
-9168
-9017
-8646
-8666
-8832
-9040
-9026
-9191
-9144
-9221
-8687
-9174
-8696
-9053
-8877
-9258
-9111
-8867
-8729
-9181
-8908
-9032
-9203
-9198
-8698
-8795
-9173
-9008
-8756
-9059
-8762
-8964
-8849
-8980
-9119
-8868
-8977
-9114
-8894
-9165
-8954
-9021
-8715
-8910
-9116
-8954
-9037
-9303
-8889
-8813
-8973
-8908
-9076
-8946
-9074
-9198
-9291
-8856
-8751
-9192
-9157
-9203
-9027
-8950
-8893
-9022
-8901
-9155
-9130
-8881
-9125
-8779
-9086
-9093
-8962
-9233
-8830
-9028
-9168
-8791
-9229
-8928
-8784
-9368
-9349
-9258
-8743
-9265
-9248
-8914
-8894
-9203
-9241
-9229
-9136
-8902
-9275
-8789
-8887
-8770
-9232
-9034
-8881
-9217
-9093
-9074
-8875
-8864
-8934
-9195
-9286
-8985
-8900
-9105
-9351
-9172
-9078
-8920
-9368
-9231
-9344
-9368
-9176
-8826
-8854
-9234
-9304
-9067
-9114
-9188
-9403
-9022
-9108
-9031
-9089
-8853
-9043
-8819
-9299
-8853
-9276
-9069
-9357
-9423
-8862
-9201
-9301
-9192
-9081
-9422
-8982
-8907
-8895
-9341
-9251
-8913
-9121
-8936
-9068
-9424
-9446
-8866
-8964
-9385
-9263
-8915
-8995
-9097
-8960
-9184
-9372
-8985
-9163
-9378
-9086
-9058
-9165
-9062
-9070
-9437
-9289
-8854
-9179
-9288
-9006
-9005
-9131
-9459
-9111
-9077
-9378
-8967
-9454
-9181
-9241
-8842
-9093
-9213
-8930
-9342
-9258
-8951
-9232
-9118
-9408
-8973
-8920
-9068
-9444
-8908
-8912
-9130
-8895
-9201
-9126
-9257
-9122
-9077
-9123
-9232
-9205
-9379
-9024
-8916
-9108
-9179
-9306
-8988
-8927
-9141
-9325
-8993
-9055
-8952
-8951
-9294
-9273
-9296
-9518
-8891
-9185
-9304
-9242
-8899
-9463
-9303
-9117
-8899
-9181
-9193
-9116
-8969
-9287
-9367
-9101
-9415
-9175
-9512
-9388
-9341
-9392
-9149
-9434
-9123
-9146
-9490
-9176
-8944
-9415
-9293
-8935
-9518
-9345
-9291
-9387
-9061
-8922
-9268
-9275
-9525
-9393
-9133
-8943
-9476
-9121
-9212
-8998
-9386
-8960
-9012
-9216
-9559
-9174
-9217
-9444
-9376
-9397
-9054
-9492
-9283
-8980
-9471
-9374
-8949
-9060
-9578
-9106
-9436
-9366
-9547
-9572
-9028
-9565
-9497
-9183
-9600
-9050
-9316
-8994
-9239
-9070
-9447
-8991
-9342
-9547
-9584
-9438
-9163
-9595
-9166
-9053
-9320
-9015
-8985
-9327
-9578
-9383
-9051
-9371
-9497
-9262
-9109
-9050
-9289
-9396
-9621
-9334
-9265
-9519
-9463
-9106
-9269
-9616
-9184
-9396
-9340
-9170
-9237
-9025
-9139
-9077
-9029
-9075
-9298
-9007
-9568
-9029
-9313
-9171
-9413
-9401
-9570
-9246
-9136
-9202
-9411
-9087
-9126
-9324
-9437
-9298
-9448
-9299
-9185
-9531
-9375
-9424
-9192
-9531
-9321
-9555
-9184
-9663
-9414
-9413
-9510
-9390
-9204
-9203
-9609
-9239
-9095
-9091
-9420
-9272
-9672
-9665
-9415
-9091
-9234
-9260
-9462
-9287
-9490
-9201
-9582
-9214
-9533
-9092
-9682
-9313
-9193
-9344
-9143
-9373
-9681
-9298
-9130
-9234
-9089
-9092
-9683
-9432
-9098
-9523
-9452
-9538
-9401
-9538
-9177
-9661
-9268
-9345
-9423
-9122
-9187
-9682
-9297
-9641
-9606
-9638
-9389
-9611
-9313
-9344
-9354
-9675
-9512
-9127
-9737
-9488
-9503
-9537
-9548
-9654
-9603
-9450
-9372
-9327
-9297
-9193
-9661
-9657
-9517
-9150
-9726
-9376
-9600
-9508
-9542
-9409
-9636
-9359
-9272
-9738
-9243
-9742
-9542
-9391
-9447
-9509
-9215
-9679
-9447
-9430
-9536
-9779
-9339
-9604
-9238
-9545
-9245
-9757
-9238
-9649
-9664
-9390
-9192
-9783
-9649
-9356
-9538
-9442
-9466
-9198
-9356
-9628
-9419
-9581
-9335
-9431
-9288
-9288
-9635
-9664
-9279
-9777
-9506
-9413
-9400
-9334
-9540
-9460
-9371
-9574
-9755
-9454
-9605
-9566
-9337
-9187
-9747
-9272
-9264
-9704
-9392
-9316
-9685
-9413
-9343
-9677
-9747
-9228
-9717
-9643
-9518
-9291
-9351
-9396
-9724
-9715
-9233
-9427
-9558
-9477
-9301
-9731
-9788
-9300
-9847
-9253
-9812
-9764
-9455
-9781
-9385
-9583
-9315
-9328
-9265
-9506
-9813
-9330
-9722
-9404
-9744
-9759
-9865
-9679
-9669
-9586
-9475
-9426
-9493
-9354
-9308
-9598
-9300
-9246
-9785
-9581
-9810
-9533
-9415
-9679
-9865
-9687
-9773
-9824
-9894
-9873
-9606
-9456
-9637
-9284
-9279
-9277
-9277
-9591
-9536
-9310
-9651
-9545
-9540
-9859
-9747
-9612
-9676
-9369
-9830
-9804
-9850
-9573
-9337
-9895
-9914
-9281
-9476
-9922
-9297
-9516
-9402
-9378
-9561
-9800
-9895
-9308
-9895
-9390
-9556
-9736
-9863
-9318
-9296
-9454
-9501
-9362
-9807
-9466
-9402
-9444
-9382
-9453
-9930
-9638
-9333
-9739
-9407
-9699
-9648
-9763
-9807
-9928
-9534
-9449
-9318
-9570
-9396
-9650
-9508
-9820
-9506
-9922
-9936
-9935
-9620
-9356
-9848
-9796
-9335
-9359
-9554
-9437
-9769
-9743
-9494
-9862
-9537
-9872
-9776
-9499
-9786
-9470
-9902
-9463
-9846
-9891
-9905
-9461
-9514
-9385
-9582
-9618
-9996
-9987
-9771
-9509
-9450
-9845
-9915
-9517
-9509
-9610
-9828
-9710
-9959
-9817
-9517
-9553
-9760
-9951
-9697
-9615
-9929
-9574
-9639
-9805
-9956
-9879
-9994
-9447
-9779
-9929
-9896
-9807
-9513
-9856
-9868
-9753
-9641
-9965
-9614
-9861
-9728
-9826
-9560
-9824
-9923
-9888
-9900
-9591
-9952
-9465
-9594
-9449
-9683
-9987
-10011
-9678
-9486
-9659
-9933
-9497
-9543
-9431
-9792
-9857
-9603
-10009
-9613
-9899
-9612
-9710
-9645
-9649
-9490
-9644
-9745
-9942
-9994
-9872
-9770
-10055
-9744
-9547
-9974
-9862
-9719
-9954
-9891
-9779
-9679
-9549
-9851
-9532
-9627
-9930
-9719
-9936
-9812
-9627
-9686
-9552
-9708
-9821
-9989
-9983
-9479
-9626
-9758
-9492
-9754
-9483
-9647
-9543
-9881
-10051
-9836
-9604
-9713
-9515
-9609
-9667
-9929
-9757
-10043
-9849
-9776
-9764
-10063
-9973
-10076
-9718
-9643
-10060
-9804
-9588
-9973
-9862
-9814
-10106
-9703
-9584
-9923
-10098
-9773
-9534
-10123
-10063
-9536
-10093
-9566
-9590
-9581
-9636
-9845
-10122
-9662
-9521
-9654
-10016
-9853
-9886
-9609
-9676
-9926
-10060
-9574
-10094
-9990
-9597
-9661
-9929
-10130
-9894
-9920
-9568
-9753
-9728
-9967
-9833
-10016
-9593
-9938
-9718
-9555
-9832
-10100
-10037
-9976
-9841
-9931
-9893
-9642
-9957
-9744
-10028
-9718
-9647
-9605
-9923
-10166
-9855
-9984
-10174
-9595
-10035
-10190
-10177
-10110
-9774
-10016
-9854
-9648
-9907
-9879
-9757
-10116
-10132
-10208
-10063
-9915
-10110
-9848
-9604
-9731
-10049
-9984
-10179
-10128
-9642
-9837
-9634
-10174
-10141
-9880
-10165
-9622
-10147
-9637
-10020
-9654
-9840
-10053
-9840
-9976
-9603
-9932
-9708
-9860
-9908
-10191
-9927
-9819
-10166
-10175
-9783
-9706
-10074
-10232
-9938
-9755
-10222
-9742
-9685
-9910
-9701
-10170
-9995
-10144
-10003
-9893
-9982
-9989
-10245
-10171
-9675
-9865
-10050
-9697
-9876
-10213
-9855
-9962
-10259
-10025
-10086
-10071
-9704
-9905
-9741
-9848
-10178
-10139
-9966
-9738
-9900
-10054
-10247
-10128
-10080
-9677
-10065
-9821
-9659
-10291
-9956
-9972
-9881
-10241
-9683
-10221
-9760
-9965
-9972
-9716
-9962
-9687
-9761
-10220
-9837
-9793
-10204
-10059
-9805
-10176
-10180
-9935
-10176
-10282
-9825
-9691
-9928
-10203
-10206
-10035
-10265
-10066
-9698
-9694
-9913
-9923
-10213
-10166
-10069
-10259
-9888
-10152
-10198
-9781
-9898
-10257
-9705
-10188
-10328
-10243
-10270
-9973
-10291
-10330
-9947
-10080
-9803
-9732
-10065
-10069
-9932
-9895
-9859
-10363
-10156
-10278
-10299
-9909
-10071
-9964
-10369
-10034
-9817
-10009
-10372
-10291
-10107
-10331
-9980
-9775
-10321
-9863
-10166
-9842
-10184
-9748
-10366
-9994
-10030
-9763
-9806
-9849
-10356
-9818
-9995
-10251
-10167
-10294
-10267
-10018
-10104
-9984
-9839
-10340
-10324
-10372
-10336
-9889
-10339
-10089
-10133
-9777
-9967
-10065
-10318
-9799
-10299
-9908
-10093
-9802
-10314
-9971
-10115
-10225
-10352
-10208
-10284
-10089
-9865
-10416
-10012
-10396
-9824
-9922
-10199
-10393
-10121
-9922
-10220
-10144
-10262
-9834
-10324
-9879
-10119
-10123
-10008
-9914
-9992
-10200
-10451
-10361
-10350
-10393
-10042
-10183
-9892
-10453
-10182
-10003
-10114
-10334
-9881
-10289
-10032
-10011
-10315
-9850
-10356
-9998
-10254
-10138
-9976
-9887
-10299
-10174
-10318
-9918
-9962
-10182
-9947
-10362
-10160
-10376
-9996
-9973
-10424
-10196
-10362
-10215
-10455
-10158
-10137
-10086
-10267
-9918
-10313
-10447
-9989
-9934
-10179
-10478
-10124
-9952
-10032
-10491
-9983
-10153
-10322
-10504
-9917
-9969
-10412
-10345
-10425
-9988
-10417
-10067
-10337
-10178
-10035
-10026
-10433
-10385
-10253
-10093
-9908
-9965
-10473
-10352
-10202
-10271
-10355
-10263
-10181
-9959
-10416
-9983
-10432
-10080
-10523
-10447
-10348
-10149
-10110
-10305
-10286
-10133
-10430
-9937
-10395
-10311
-10143
-10260
-9989
-9958
-10276
-10521
-10397
-10444
-10524
-10528
-10303
-10040
-10083
-10371
-10353
-10105
-9951
-10281
-10238
-10435
-10455
-10406
-10340
-10111
-10512
-10100
-10567
-10527
-10218
-10478
-10394
-10178
-10199
-10534
-10389
-10509
-10083
-10345
-9953
-10373
-10169
-10468
-10243
-10154
-10437
-10118
-10571
-10141
-10363
-10264
-10401
-10156
-10393
-10043
-10149
-10282
-10240
-10384
-10282
-10441
-10557
-10101
-10205
-9989
-10272
-10371
-10006
-10099
-10146
-10166
-10163
-10391
-10075
-10315
-10060
-10565
-10214
-10578
-10198
-10260
-10507
-10586
-10117
-10543
-10155
-10024
-10328
-10314
-10101
-10425
-10150
-10397
-10418
-10295
-10398
-10161
-10207
-10259
-10509
-10187
-10014
-10521
-10106
-10640
-10092
-10443
-10116
-10401
-10501
-10276
-10548
-10095
-10447
-10660
-10331
-10041
-10642
-10102
-10296
-10647
-10488
-10531
-10208
-10224
-10315
-10309
-10443
-10043
-10057
-10220
-10611
-10269
-10308
-10181
-10608
-10438
-10511
-10517
-10192
-10123
-10485
-10614
-10650
-10156
-10499
-10582
-10431
-10671
-10118
-10100
-10102
-10489
-10092
-10600
-10669
-10558
-10314
-10534
-10650
-10538
-10602
-10271
-10521
-10408
-10260
-10688
-10379
-10595
-10653
-10366
-10426
-10142
-10548
-10171
-10575
-10354
-10691
-10438
-10352
-10359
-10224
-10619
-10388
-10258
-10537
-10215
-10197
-10263
-10314
-10166
-10107
-10431
-10532
-10380
-10634
-10633
-10544
-10496
-10536
-10501
-10719
-10630
-10121
-10564
-10458
-10213
-10370
-10538
-10671
-10629
-10381
-10573
-10412
-10184
-10645
-10541
-10246
-10731
-10772
-10331
-10603
-10491
-10246
-10485
-10360
-10594
-10541
-10694
-10201
-10606
-10329
-10785
-10435
-10558
-10236
-10380
-10624
-10489
-10747
-10459
-10400
-10520
-10766
-10339
-10369
-10783
-10474
-10670
-10547
-10571
-10214
-10408
-10403
-10412
-10667
-10729
-10284
-10641
-10179
-10228
-10455
-10514
-10210
-10486
-10667
-10293
-10690
-10266
-10821
-10700
-10208
-10780
-10204
-10666
-10336
-10441
-10313
-10657
-10596
-10344
-10527
-10721
-10650
-10393
-10470
-10644
-10260
-10537
-10805
-10586
-10291
-10696
-10620
-10304
-10821
-10421
-10577
-10226
-10477
-10795
-10704
-10467
-10641
-10520
-10736
-10579
-10653
-10705
-10703
-10652
-10655
-10766
-10796
-10299
-10277
-10474
-10853
-10865
-10276
-10786
-10242
-10859
-10602
-10861
-10352
-10873
-10371
-10788
-10862
-10590
-10716
-10710
-10406
-10410
-10455
-10432
-10574
-10665
-10497
-10484
-10465
-10845
-10344
-10368
-10683
-10734
-10861
-10285
-10853
-10775
-10614
-10323
-10618
-10352
-10809
-10456
-10836
-10485
-10759
-10325
-10885
-10870
-10786
-10886
-10863
-10634
-10315
-10377
-10865
-10384
-10634
-10907
-10394
-10539
-10321
-10324
-10504
-10814
-10498
-10388
-10466
-10297
-10478
-10508
-10870
-10368
-10930
-10704
-10594
-10834
-10746
-10583
-10429
-10557
-10677
-10755
-10890
-10559
-10591
-10607
-10737
-10739
-10483
-10861
-10629
-10687
-10594
-10478
-10631
-10886
-10388
-10936
-10341
-10717
-10803
-10343
-10651
-10788
-10427
-10844
-10601
-10754
-10402
-10630
-10846
-10836
-10586
-10555
-10610
-10688
-10719
-10800
-10567
-10924
-10902
-10795
-10479
-10865
-10384
-10890
-10919
-10852
-10903
-10359
-10778
-10498
-10548
-10486
-10909
-10407
-10509
-10526
-10907
-10449
-10449
-10673
-10671
-10414
-10698
-10558
-10795
-10501
-10461
-10659
-10581
-10976
-10875
-11006
-10997
-10423
-10544
-10883
-10438
-10855
-10504
-10787
-10626
-10723
-10464
-10865
-10806
-10857
-10801
-10936
-10605
-10972
-10909
-10649
-10745
-10721
-10911
-10430
-10670
-11028
-10487
-10579
-10629
-10731
-10700
-10557
-10905
-10540
-10882
-10550
-10879
-10438
-10714
-10890
-10544
-10885
-10919
-10946
-10980
-10795
-11026
-10702
-10503
-10458
-11043
-10547
-10836
-10481
-10517
-10654
-10851
-10865
-10887
-10970
-10898
-10612
-10589
-11008
-11023
-10520
-10739
-10597
-10746
-10863
-10699
-10898
-10981
-10797
-10720
-10720
-10747
-11072
-10538
-10655
-10984
-10479
-11080
-10739
-10762
-10708
-10719
-10906
-10700
-10557
-10707
-10903
-11000
-10795
-10636
-10599
-11056
-10934
-10876
-10483
-10926
-10780
-11035
-10619
-10830
-11103
-11071
-10792
-10514
-11121
-11109
-10505
-10590
-10857
-11126
-10677
-10974
-10714
-10829
-11059
-11132
-10658
-10587
-10597
-10684
-11064
-10994
-11092
-10558
-10541
-11117
-11020
-11020
-10893
-10804
-11142
-10779
-11139
-10880
-10682
-10990
-10770
-10880
-10543
-11095
-10816
-11030
-10953
-11134
-10772
-10542
-10768
-10903
-10533
-10723
-10803
-11079
-10850
-11082
-10830
-11152
-10751
-10884
-10641
-11056
-11128
-11080
-10836
-10632
-10826
-10848
-10567
-11083
-10594
-10734
-10750
-10613
-10983
-10742
-10616
-11051
-10905
-10673
-10891
-11057
-10650
-10648
-11059
-10770
-10725
-11093
-10919
-11038
-10848
-10819
-10794
-11024
-10807
-10760
-10762
-10873
-11063
-10960
-10647
-11051
-10863
-10992
-10679
-10641
-10590
-10843
-10896
-10681
-11000
-11043
-11114
-10874
-10752
-10770
-10941
-10989
-10729
-10654
-11000
-10617
-11029
-10796
-11155
-11034
-10919
-10725
-10828
-10886
-11123
-10729
-10837
-11213
-10648
-11197
-10820
-11138
-11187
-10900
-10840
-10805
-10692
-10638
-10772
-10766
-11174
-11204
-11111
-10875
-11170
-11063
-10941
-10635
-11027
-10643
-11140
-10681
-10750
-11212
-11251
-11018
-11051
-11009
-11129
-11234
-11041
-11101
-11290
-10879
-10888
-10714
-11026
-10994
-11212
-10821
-10914
-10670
-10877
-11150
-10795
-10810
-11076
-10864
-11266
-11301
-10983
-11195
-11016
-11183
-10734
-11217
-11001
-10775
-11147
-11016
-11201
-10978
-11156
-11266
-10831
-10707
-11007
-11267
-10719
-11250
-11192
-10693
-10790
-11076
-10964
-10982
-11064
-10939
-10863
-11143
-10774
-10954
-11152
-11318
-11164
-10866
-11127
-10887
-11240
-11247
-11153
-11160
-11082
-11257
-11355
-11106
-10893
-11086
-11351
-10884
-10727
-10876
-11334
-10926
-10897
-10946
-11082
-11303
-10960
-10979
-11327
-11075
-11031
-11081
-10864
-11250
-10986
-11008
-10853
-10958
-11374
-11218
-11361
-11014
-10978
-11084
-10863
-11188
-10855
-10747
-10759
-11345
-10821
-11197
-10808
-10877
-10810
-10813
-11377
-11326
-11237
-10945
-11173
-10857
-11120
-10945
-11255
-11092
-10799
-11105
-10949
-11217
-11055
-11390
-11077
-11361
-11300
-10934
-11058
-10996
-11408
-11053
-11126
-10944
-11298
-10957
-10881
-11044
-11213
-11272
-11242
-11019
-10827
-10933
-11274
-11434
-11324
-11176
-10936
-11174
-11035
-11398
-11394
-10923
-10965
-10906
-11327
-11189
-11371
-11146
-10905
-11433
-11167
-11262
-10938
-10882
-11357
-11187
-11245
-11451
-11106
-11338
-11228
-11091
-10999
-10938
-10914
-10883
-11357
-11253
-11439
-11423
-10881
-11386
-11236
-11444
-11238
-11202
-11261
-11352
-11290
-11231
-11259
-11438
-11097
-11263
-10968
-11022
-11322
-11303
-11443
-11012
-10984
-11110
-11211
-11033
-10998
-11478
-10974
-11424
-11105
-11269
-11480
-10873
-11055
-10976
-11156
-10954
-11283
-11007
-11361
-11428
-10964
-11054
-11088
-10973
-10975
-11444
-11018
-10998
-11488
-11272
-11281
-11244
-11110
-11144
-11226
-11162
-10989
-10925
-11070
-11202
-11300
-10944
-11248
-11110
-10926
-11117
-11164
-11358
-11254
-11098
-11331
-11295
-11060
-11526
-11004
-11316
-11408
-11065
-11308
-11333
-11170
-11143
-10925
-11404
-11425
-11479
-11435
-11011
-11075
-11479
-11472
-11262
-11143
-10952
-11359
-11278
-11311
-11367
-11249
-11457
-11077
-11395
-11161
-10976
-10983
-11098
-11168
-11243
-11167
-11141
-11235
-11388
-11580
-11098
-11300
-11572
-11156
-11242
-11340
-11008
-11529
-11305
-11529
-11560
-11149
-11144
-11393
-11122
-11093
-11138
-11300
-11074
-11144
-11040
-11522
-11361
-11259
-11082
-11044
-10990
-11080
-11596
-10972
-11336
-11393
-11322
-11588
-11000
-11182
-11499
-10994
-11078
-11129
-11283
-11094
-11147
-11315
-11530
-11004
-11341
-11465
-11292
-11181
-11629
-11613
-11330
-11009
-11380
-11594
-11031
-11493
-11641
-11441
-11445
-11028
-11464
-11400
-11478
-11008
-11208
-11087
-11227
-11406
-11247
-11425
-11286
-11344
-11523
-11231
-11034
-11197
-11449
-11029
-11661
-11398
-11311
-11237
-11633
-11165
-11035
-11273
-11250
-11249
-11405
-11183
-11399
-11341
-11451
-11111
-11278
-11341
-11462
-11326
-11500
-11368
-11201
-11199
-11131
-11184
-11419
-11582
-11118
-11101
-11156
-11525
-11518
-11193
-11515
-11172
-11359
-11632
-11310
-11371
-11651
-11220
-11265
-11527
-11698
-11470
-11447
-11587
-11383
-11464
-11252
-11176
-11560
-11298
-11705
-11107
-11326
-11094
-11373
-11413
-11607
-11486
-11363
-11441
-11502
-11436
-11692
-11714
-11252
-11169
-11382
-11594
-11330
-11112
-11213
-11530
-11235
-11714
-11220
-11686
-11719
-11388
-11256
-11205
-11190
-11624
-11412
-11644
-11165
-11167
-11335
-11533
-11563
-11176
-11656
-11323
-11314
-11127
-11738
-11387
-11748
-11518
-11213
-11368
-11229
-11470
-11682
-11355
-11765
-11441
-11150
-11177
-11366
-11337
-11516
-11711
-11514
-11268
-11511
-11351
-11631
-11602
-11229
-11700
-11300
-11703
-11228
-11499
-11405
-11539
-11756
-11595
-11774
-11761
-11776
-11279
-11488
-11695
-11538
-11510
-11660
-11572
-11165
-11714
-11525
-11774
-11636
-11606
-11706
-11405
-11279
-11466
-11338
-11302
-11216
-11704
-11287
-11511
-11303
-11591
-11581
-11369
-11466
-11798
-11723
-11405
-11259
-11368
-11577
-11679
-11603
-11407
-11561
-11586
-11452
-11255
-11607
-11764
-11809
-11640
-11787
-11691
-11427
-11485
-11310
-11610
-11289
-11845
-11220
-11470
-11764
-11379
-11373
-11709
-11557
-11584
-11738
-11492
-11763
-11722
-11831
-11727
-11472
-11730
-11502
-11249
-11532
-11403
-11542
-11407
-11792
-11644
-11680
-11308
-11564
-11590
-11563
-11392
-11622
-11777
-11555
-11678
-11337
-11642
-11683
-11816
-11782
-11891
-11888
-11811
-11790
-11380
-11797
-11540
-11489
-11562
-11260
-11602
-11885
-11626
-11887
-11739
-11274
-11636
-11740
-11587
-11873
-11450
-11385
-11572
-11865
-11676
-11503
-11621
-11475
-11528
-11314
-11406
-11325
-11754
-11383
-11641
-11771
-11929
-11536
-11727
-11566
-11897
-11355
-11532
-11880
-11356
-11365
-11797
-11362
-11907
-11572
-11730
-11914
-11790
-11804
-11747
-11438
-11312
-11740
-11460
-11888
-11361
-11594
-11579
-11530
-11953
-11604
-11815
-11481
-11480
-11774
-11775
-11925
-11747
-11476
-11857
-11706
-11659
-11649
-11788
-11824
-11370
-11704
-11365
-11385
-11599
-11420
-11807
-11368
-11685
-11459
-11812
-11668
-11700
-11811
-11936
-11779
-11957
-11976
-11423
-11679
-11381
-11580
-11628
-11755
-11947
-11984
-11624
-11450
-11573
-11893
-11933
-11669
-11374
-11982
-11713
-11965
-11749
-11500
-11920
-11638
-11685
-11605
-11478
-11594
-11904
-11634
-11814
-11823
-11977
-12016
-11838
-11898
-11440
-11608
-11640
-11648
-11824
-11852
-11389
-11809
-11515
-11512
-11744
-11593
-11569
-11859
-11852
-11892
-11978
-11476
-11970
-11530
-11476
-11554
-11427
-11424
-11596
-11620
-11995
-11668
-11911
-11897
-11666
-11417
-11623
-11893
-11486
-11615
-11641
-11478
-12028
-11436
-11627
-11800
-11652
-11807
-11949
-11778
-11764
-11555
-11465
-11768
-11834
-11927
-11857
-11874
-11622
-11465
-11989
-11612
-11524
-12028
-11864
-11531
-11639
-11633
-11773
-12087
-11553
-11819
-11484
-11454
-12076
-11944
-11767
-11510
-11585
-12018
-11940
-11939
-11681
-11936
-12069
-11720
-11891
-11641
-12058
-11476
-11703
-12076
-11857
-12031
-11879
-12035
-11721
-11867
-12036
-11752
-11586
-11626
-11776
-12111
-11799
-11655
-12122
-11812
-11923
-11830
-11504
-11844
-11762
-11825
-11640
-11691
-11995
-12049
-12057
-11848
-11507
-11932
-12036
-11993
-11628
-12096
-11829
-12019
-11873
-11997
-11816
-11801
-11970
-11719
-11989
-12028
-11809
-12136
-11760
-11878
-11762
-11779
-11629
-11780
-11826
-11937
-11920
-11847
-11750
-11615
-12048
-11905
-11762
-11911
-11555
-11578
-11882
-11849
-11770
-11911
-12124
-11943
-11870
-11789
-11976
-11882
-11844
-12117
-11671
-11814
-11802
-12042
-11842
-11758
-11868
-11800
-11693
-11913
-11741
-11765
-12065
-12009
-11713
-12042
-11744
-11884
-12137
-12068
-11740
-12071
-11846
-11869
-12166
-12172
-12146
-11573
-11833
-12046
-11798
-12053
-11867
-11792
-11652
-12086
-12076
-11626
-12190
-12176
-11785
-11771
-12068
-11881
-12168
-11694
-12080
-12167
-11652
-11871
-12191
-12065
-11757
-12134
-12093
-11646
-11632
-11794
-11759
-11617
-11643
-11859
-11996
-11642
-11674
-11688
-12143
-11811
-11801
-11649
-12033
-11835
-12041
-12098
-11627
-11725
-11861
-12213